	data_type	type	sampled_tips	lambda	lambda_min	lambda_max	psi	psi_min	psi_max	upsilon	upsilon_min	upsilon_max	phi	phi_min	phi_max	p	p_min	p_max
0.tree	tree	bd		0.589139	0.562144	0.617732	0.0801	0.0658867	0.0963112	0			0.0801			0.334401	0.334401	0.334401
0.tree	tree	bdct		0.58914	0.555253	0.624405	0.0800995	0.0627965	0.101079	1e-06	1e-06	0.00683693	78.3081	0.001	500000.0	0.334401	0.334401	0.334401
0.tree	tree	real	960	0.6019797830572728			0.07459793529341098			0			0.07459793529341098			0.3344006087435304		
1.tree	tree	bd		2.42518	2.28906	2.56598	0.342116	0.288151	0.40313	0			0.342116			0.734891	0.734891	0.734891
1.tree	tree	bdct		2.42518	2.25414	2.60214	0.342116	0.275492	0.42029	1e-06	1e-06	0.0214854	16.8885	0.001	500000.0	0.734891	0.734891	0.734891
1.tree	tree	real	992	2.4685691176670463			0.31711401502699826			0			0.31711401502699826			0.7348909633991523		
2.tree	tree	real	618	0.42332981548179394			0.055362400758424926			0			0.055362400758424926			0.3981211930320578		
2.tree	tree	bdct		0.429573	0.396928	0.463891	0.0534542	0.0387014	0.071573	0.00563413	1e-06	0.0435055	9.27686	0.001	500000.0	0.398121	0.398121	0.398121
2.tree	tree	bd		0.428966	0.403054	0.455657	0.0545568	0.0428413	0.0688612	0			0.0545568			0.398121	0.398121	0.398121
3.tree	tree	bdct		1.86575	1.70732	2.03233	0.267038	0.196892	0.3538	1e-06	1e-06	0.0439463	16.61	0.001	500000.0	0.493143	0.493143	0.493143
3.tree	tree	bd		1.86575	1.73919	1.99711	0.267083	0.209917	0.334776	0			0.267083			0.493143	0.493143	0.493143
3.tree	tree	real	535	1.8993400093434336			0.2820842158566389			0			0.2820842158566389			0.4931431544749625		
4.tree	tree	real	633	0.2118589870412784			0.07163980730155668			0			0.07163980730155668			0.5651826645893037		
4.tree	tree	bd		0.220618	0.205176	0.236826	0.0759241	0.0642172	0.0892746	0			0.0759241			0.565183	0.565183	0.565183
4.tree	tree	bdct		0.220617	0.201743	0.24064	0.075924	0.0612904	0.0921353	1e-06	1e-06	0.0458994	0.075924	0.001	500000.0	0.565183	0.565183	0.565183
5.tree	tree	bdct		0.374481	0.351868	0.398314	0.049249	0.0386945	0.0616461	0.000537823	1e-06	0.0298189	48.9021	0.001	500000.0	0.423004	0.423004	0.423004
5.tree	tree	bd		0.374404	0.356171	0.39347	0.0493427	0.0410338	0.0588789	0			0.0493427			0.423004	0.423004	0.423004
5.tree	tree	real	998	0.37960295813882006			0.047803854533010316			0			0.047803854533010316			0.423004191652205		
6.tree	tree	bd		0.400047	0.387577	0.41244	0.103032	0.0854951	0.123057	0			0.103032			0.0507632	0.0507632	0.0507632
6.tree	tree	real	944	0.3940918425868577			0.10389154096240884			0			0.10389154096240884			0.0507632027975056		
6.tree	tree	bdct		0.400045	0.385237	0.416251	0.10303	0.0807109	0.128777	1e-06	1e-06	0.00976662	0.10303	0.001	500000.0	0.0507632	0.0507632	0.0507632
7.tree	tree	real	716	0.2950714878763922			0.11126760688814363			0			0.11126760688814363			0.4405543767888381		
7.tree	tree	bdct		0.290269	0.268235	0.313151	0.114371	0.094	0.136303	1e-06	1e-06	0.0517588	0.114371	0.001	500000.0	0.440554	0.440554	0.440554
7.tree	tree	bd		0.290269	0.272755	0.308384	0.114371	0.0984285	0.132489	0			0.114371			0.440554	0.440554	0.440554
8.tree	tree	bdct		0.193102	0.175843	0.211218	0.0553593	0.0426188	0.0696636	1e-06	1e-06	0.0615244	0.0553593	0.001	500000.0	0.559413	0.559413	0.559413
8.tree	tree	bd		0.193102	0.178844	0.207404	0.0553593	0.0451669	0.0668028	0			0.0553593			0.559413	0.559413	0.559413
8.tree	tree	real	541	0.1934075688856646			0.05763949009742773			0			0.05763949009742773			0.5594133399360014		
9.tree	tree	bdct		0.17515	0.157463	0.19422	0.0571315	0.0448528	0.0714358	1e-06	1e-06	0.0478525	0.0571315	0.001	500000.0	0.740548	0.740548	0.740548
9.tree	tree	bd		0.17515	0.160865	0.190406	0.0571314	0.0466068	0.0685749	0			0.0571314			0.740548	0.740548	0.740548
9.tree	tree	real	518	0.17800620056744396			0.05309559183690733			0			0.05309559183690733			0.7405481907964662		
10.tree	tree	bd		0.257529	0.2435	0.27183	0.0506205	0.042092	0.0601567	0			0.0506205			0.505375	0.505375	0.505375
10.tree	tree	real	873	0.26021258492685273			0.0535790548038463			0			0.0535790548038463			0.505375217937012		
10.tree	tree	bdct		0.257551	0.240013	0.275666	0.0502357	0.0402347	0.0626328	0.00280144	1e-06	0.0320162	12.9045	0.001	500000.0	0.505375	0.505375	0.505375
11.tree	tree	bd		0.342564	0.321216	0.364491	0.0651201	0.0546004	0.077517	0			0.0651201			0.70382	0.70382	0.70382
11.tree	tree	real	825	0.3547570431080143			0.057459427028429176			0			0.057459427028429176			0.7038197383318863		
11.tree	tree	bdct		0.342547	0.315863	0.370194	0.0651218	0.0520971	0.0803796	1e-06	1e-06	0.00879005	107.142	0.001	500000.0	0.70382	0.70382	0.70382
12.tree	tree	bdct		1.63128	1.50153	1.76648	0.26437	0.208816	0.330156	1e-06	1e-06	0.0322275	18.4537	0.001	500000.0	0.72661	0.72661	0.72661
12.tree	tree	real	774	1.610763803719866			0.26815827897621036			0			0.26815827897621036			0.7266101869286465		
12.tree	tree	bd		1.63128	1.5278	1.73887	0.264369	0.219103	0.315854	0			0.264369			0.72661	0.72661	0.72661
13.tree	tree	bd		0.383202	0.361554	0.406081	0.0520687	0.0424934	0.0635122	0			0.0520687			0.532626	0.532626	0.532626
13.tree	tree	real	837	0.38878402128655215			0.048567199336179666			0			0.048567199336179666			0.5326257416508666		
13.tree	tree	bdct		0.383972	0.357044	0.412571	0.0511041	0.0393609	0.0654085	0.0055353	1e-06	0.0210738	64.2531	0.001	500000.0	0.532626	0.532626	0.532626
14.tree	tree	bdct		0.497633	0.455924	0.540527	0.101839	0.0797807	0.127586	0.00141956	1e-06	0.03165	21.8508	0.001	500000.0	0.708185	0.708185	0.708185
14.tree	tree	bd		0.497633	0.464653	0.531948	0.102138	0.0847545	0.122163	0			0.102138			0.708185	0.708185	0.708185
14.tree	tree	real	720	0.4899687418937452			0.11100221484333765			0			0.11100221484333765			0.7081850901217671		
15.tree	tree	bdct		0.674161	0.625515	0.724672	0.0921116	0.0714692	0.116905	0.00688516	1e-06	0.0301613	48.4931	0.001	500000.0	0.603369	0.603369	0.603369
15.tree	tree	bd		0.673454	0.634709	0.713481	0.0939253	0.0772277	0.112997	0			0.0939253			0.603369	0.603369	0.603369
15.tree	tree	real	843	0.6861505305475045			0.09003042854434765			0			0.09003042854434765			0.6033692790247341		
16.tree	tree	bdct		1.16074	1.0775	1.24742	0.120081	0.0921717	0.15441	1e-06	1e-06	0.0234385	37.3415	0.001	500000.0	0.58977	0.58977	0.58977
16.tree	tree	real	849	1.1733614228484293			0.1247101817870928			0			0.1247101817870928			0.5897697209469634		
16.tree	tree	bd		1.16067	1.09442	1.22926	0.12009	0.0977609	0.14679	0			0.12009			0.58977	0.58977	0.58977
17.tree	tree	real	712	1.6616835306306763			0.16947640256613475			0			0.16947640256613475			0.5218927986337966		
17.tree	tree	bd		1.61881	1.52086	1.72069	0.175214	0.139827	0.217168	0			0.175214			0.521893	0.521893	0.521893
17.tree	tree	bdct		1.61882	1.49637	1.74735	0.175214	0.131661	0.22861	1e-06	1e-06	0.024415	21.4782	0.001	500000.0	0.521893	0.521893	0.521893
18.tree	tree	bdct		0.6351	0.586799	0.684659	0.17202	0.137949	0.211114	0.000149742	1e-06	0.0362771	24.7299	0.001	500000.0	0.528627	0.528627	0.528627
18.tree	tree	bd		0.635101	0.596708	0.675129	0.17207	0.144672	0.202583	0			0.17207			0.528627	0.528627	0.528627
18.tree	tree	real	729	0.6396520530429363			0.14930575498654902			0			0.14930575498654902			0.5286272491881309		
19.tree	tree	bdct		0.207691	0.189929	0.226761	0.107819	0.088625	0.127844	0.00216813	1e-06	0.0343248	15.6625	0.001	500000.0	0.318978	0.318978	0.318978
19.tree	tree	bd		0.207874	0.193328	0.223129	0.108221	0.093143	0.124432	0			0.108221			0.318978	0.318978	0.318978
19.tree	tree	real	552	0.19739880999955506			0.10556330190543878			0			0.10556330190543878			0.3189778064514954		
20.tree	tree	real	534	0.39690557714493113			0.090036741029764			0			0.090036741029764			0.2484249117606631		
20.tree	tree	bd		0.398576	0.376057	0.421455	0.105763	0.0853011	0.128648	0			0.105763			0.248425	0.248425	0.248425
20.tree	tree	bdct		0.398575	0.369844	0.428127	0.105763	0.0812088	0.13437	1e-06	1e-06	0.024415	0.105763	0.001	500000.0	0.248425	0.248425	0.248425
21.tree	tree	real	709	0.48294335268889205			0.06940517022061725			0			0.06940517022061725			0.360610838415153		
21.tree	tree	bd		0.489271	0.462569	0.516914	0.0752279	0.0607303	0.0923927	0			0.0752279			0.360611	0.360611	0.360611
21.tree	tree	bdct		0.489534	0.456138	0.524803	0.0746801	0.0562601	0.096613	0.00200615	1e-06	0.0175998	40.1372	0.001	500000.0	0.360611	0.360611	0.360611
22.tree	tree	real	826	0.6666920016923883			0.11215576869210057			0			0.11215576869210057			0.6634923872752396		
22.tree	tree	bdct		0.685522	0.634049	0.738891	0.105011	0.0822582	0.132664	0.00230381	1e-06	0.0149699	215.226	0.001	500000.0	0.663492	0.663492	0.663492
22.tree	tree	bd		0.685171	0.643747	0.728057	0.105685	0.0868745	0.126664	0			0.105685			0.663492	0.663492	0.663492
23.tree	tree	bdct		3.32515	3.10359	3.55707	0.360833	0.279308	0.459979	1e-06	1e-06	0.0185557	11.9615	0.001	500000.0	0.483684	0.483684	0.483684
23.tree	tree	real	875	3.4213748305554676			0.35581808881026494			0			0.35581808881026494			0.4836838783973485		
23.tree	tree	bd		3.32514	3.14822	3.50859	0.360837	0.294774	0.438057	0			0.360837			0.483684	0.483684	0.483684
24.tree	tree	real	786	0.36791180905011217			0.05555267485296079			0			0.05555267485296079			0.2246947483853905		
24.tree	tree	bd		0.367071	0.349912	0.384231	0.0595599	0.0476649	0.0729105	0			0.0595599			0.224695	0.224695	0.224695
24.tree	tree	bdct		0.367072	0.346337	0.388998	0.0595597	0.0458348	0.0767248	1e-06	1e-06	0.0146494	0.0595597	0.001	500000.0	0.224695	0.224695	0.224695
25.tree	tree	real	923	1.689621006478807			0.1746812303442803			0			0.1746812303442803			0.2469682955975485		
25.tree	tree	bd		1.69104	1.61595	1.76911	0.180534	0.14617	0.220581	0			0.180534			0.246968	0.246968	0.246968
25.tree	tree	bdct		1.69343	1.59923	1.7934	0.177958	0.135792	0.229447	0.00285453	1e-06	0.0145398	147.279	0.001	500000.0	0.246968	0.246968	0.246968
26.tree	tree	bdct		0.967841	0.896083	1.04311	0.0984839	0.0756361	0.126138	1.06797e-06	1e-06	0.0253917	41.3408	0.001	500000.0	0.666656	0.666656	0.666656
26.tree	tree	bd		0.967847	0.910252	1.02787	0.0984811	0.0802034	0.120413	0			0.0984811			0.666656	0.666656	0.666656
26.tree	tree	real	840	0.9425552408431626			0.0944130878968019			0			0.0944130878968019			0.6666562993219628		
27.tree	tree	real	787	1.748769707854375			0.1767623905254176			0			0.1767623905254176			0.6039413248198224		
27.tree	tree	bdct		1.81334	1.67794	1.95518	0.165495	0.125014	0.215078	0.00328666	1e-06	0.0169136	435.253	0.001	500000.0	0.603941	0.603941	0.603941
27.tree	tree	bd		1.8102	1.70242	1.92253	0.167689	0.134481	0.206783	0			0.167689			0.603941	0.603941	0.603941
28.tree	tree	real	860	1.2600360920534948			0.28973813180009633			0			0.28973813180009633			0.55781521964915		
28.tree	tree	bdct		1.23376	1.14648	1.32425	0.308742	0.251642	0.373572	1e-06	1e-06	0.0234385	24.4874	0.001	500000.0	0.557815	0.557815	0.557815
28.tree	tree	bd		1.23376	1.16454	1.3052	0.308743	0.263062	0.359272	0			0.308743			0.557815	0.557815	0.557815
29.tree	tree	bd		1.26534	1.16841	1.3663	0.185095	0.145543	0.231816	0			0.185095			0.691442	0.691442	0.691442
29.tree	tree	bdct		1.26533	1.14371	1.39296	0.185099	0.136198	0.245169	1e-06	1e-06	0.0283213	17.6677	0.001	500000.0	0.691442	0.691442	0.691442
29.tree	tree	real	507	1.3053426180977235			0.15727756777670845			0			0.15727756777670845			0.6914416783864572		
30.tree	tree	bd		0.194611	0.180998	0.20796	0.0703442	0.0595091	0.082741	0			0.0703442			0.507178	0.507178	0.507178
30.tree	tree	bdct		0.194603	0.177965	0.211766	0.0703383	0.0567957	0.085596	1e-06	1e-06	0.0146494	81.7887	0.001	500000.0	0.507178	0.507178	0.507178
30.tree	tree	real	617	0.19515991452263434			0.07083956319676023			0			0.07083956319676023			0.507178004467724		
31.tree	tree	bd		0.12241	0.11577	0.129084	0.0443494	0.0382534	0.0510248	0			0.0443494			0.287543	0.287543	0.287543
31.tree	tree	real	805	0.12162848823958548			0.048272896803352575			0			0.048272896803352575			0.2875433651536517		
31.tree	tree	bdct		0.122405	0.113868	0.130987	0.044267	0.0361545	0.0528497	0.000791927	1e-06	0.0105498	71.2291	0.001	500000.0	0.287543	0.287543	0.287543
32.tree	tree	bdct		0.399554	0.37153	0.429106	0.0518242	0.038324	0.0689895	1e-06	1e-06	0.0214854	79.8791	0.001	500000.0	0.332111	0.332111	0.332111
32.tree	tree	bd		0.399554	0.37698	0.423386	0.0518242	0.0407064	0.0651749	0			0.0518242			0.332111	0.332111	0.332111
32.tree	tree	real	663	0.40929455558042366			0.05003786331179098			0			0.05003786331179098			0.3321110301179634		
33.tree	tree	bdct		0.501064	0.465903	0.537286	0.0744492	0.0578083	0.0944748	0.00315836	1e-06	0.0255484	26.9069	0.001	500000.0	0.509123	0.509123	0.509123
33.tree	tree	real	831	0.4799033281043294			0.06900753412244562			0			0.06900753412244562			0.5091229944474538		
33.tree	tree	bd		0.500703	0.4724	0.529299	0.0751796	0.0618505	0.0904373	0			0.0751796			0.509123	0.509123	0.509123
34.tree	tree	real	898	0.1092194075063103			0.0527986219718458			0			0.0527986219718458			0.2655637920449961		
34.tree	tree	bd		0.108402	0.102529	0.114124	0.0549421	0.0490422	0.0616174	0			0.0549421			0.265564	0.265564	0.265564
34.tree	tree	bdct		0.108392	0.100841	0.116021	0.0549298	0.0473459	0.0635124	0.000110133	1e-06	0.0108511	79.0436	0.001	500000.0	0.265564	0.265564	0.265564
35.tree	tree	real	724	0.226934230508182			0.08308653318819023			0			0.08308653318819023			0.1001217266788926		
35.tree	tree	bdct		0.226593	0.214256	0.239942	0.0826689	0.066718	0.100787	0.000167125	1e-06	0.0109075	43.377	0.001	500000.0	0.100122	0.100122	0.100122
35.tree	tree	bd		0.226614	0.21692	0.237102	0.0827158	0.0699477	0.0970197	0			0.0827158			0.100122	0.100122	0.100122
36.tree	tree	bd		1.43966	1.36239	1.5187	0.228002	0.191647	0.269955	0			0.228002			0.575098	0.575098	0.575098
36.tree	tree	real	951	1.4578741576270635			0.22211298507630803			0			0.22211298507630803			0.5750980955295314		
36.tree	tree	bdct		1.44034	1.34335	1.54128	0.225794	0.179255	0.280141	0.00368903	1e-06	0.0357967	17.4038	0.001	500000.0	0.575098	0.575098	0.575098
37.tree	tree	real	635	0.6771337676798739			0.12991280661366128			0			0.12991280661366128			0.0515681149730479		
37.tree	tree	bd		0.669312	0.64647	0.693138	0.127197	0.0976196	0.162478	0			0.127197			0.0515681	0.0515681	0.0515681
37.tree	tree	bdct		0.669312	0.640596	0.698857	0.127197	0.0907183	0.172014	1e-06	1e-06	0.00976662	35.9925	0.001	500000.0	0.0515681	0.0515681	0.0515681
38.tree	tree	real	745	3.447598538214926			0.6635938185232104			0			0.6635938185232104			0.3437227665815365		
38.tree	tree	bd		3.47175	3.29296	3.65612	0.66993	0.551691	0.804308	0			0.66993			0.343723	0.343723	0.343723
38.tree	tree	bdct		3.47174	3.24719	3.70458	0.669945	0.523614	0.841492	1e-06	1e-06	0.0224619	12.5115	0.001	500000.0	0.343723	0.343723	0.343723
39.tree	tree	bdct		0.774886	0.734832	0.815862	0.131799	0.0955228	0.176616	1e-06	1e-06	0.0107432	27.9156	0.001	500000.0	0.101478	0.101478	0.101478
39.tree	tree	real	624	0.7720127562148733			0.1315329155355106			0			0.1315329155355106			0.1014778031668421		
39.tree	tree	bd		0.774886	0.743144	0.807286	0.1318	0.102166	0.166128	0			0.1318			0.101478	0.101478	0.101478
40.tree	tree	bdct		0.440955	0.404006	0.479085	0.0647301	0.0497934	0.0828487	1e-06	1e-06	0.0273447	0.0647301	0.001	500000.0	0.734939	0.734939	0.734939
40.tree	tree	bd		0.440955	0.411739	0.471459	0.0647301	0.0527807	0.0790343	0			0.0647301			0.734939	0.734939	0.734939
40.tree	tree	real	725	0.4388072090310482			0.06642809403512352			0			0.06642809403512352			0.73493938783464		
41.tree	tree	bd		1.28709	1.20733	1.369	0.248374	0.206823	0.295092	0			0.248374			0.68134	0.68134	0.68134
41.tree	tree	bdct		1.28708	1.18723	1.39089	0.248376	0.197162	0.308443	1e-06	1e-06	0.0214854	0.248376	0.001	500000.0	0.68134	0.68134	0.68134
41.tree	tree	real	791	1.2817785639283732			0.23473146286314123			0			0.23473146286314123			0.681340214133232		
42.tree	tree	bd		0.165157	0.154897	0.175646	0.0498534	0.0414568	0.0584361	0			0.0498534			0.485412	0.485412	0.485412
42.tree	tree	bdct		0.165173	0.152347	0.178523	0.0497685	0.0398624	0.0612121	0.000605697	1e-06	0.0132933	54.062	0.001	500000.0	0.485412	0.485412	0.485412
42.tree	tree	real	702	0.16456283117133938			0.05453895705138518			0			0.05453895705138518			0.4854123582645339		
43.tree	tree	bdct		0.43307	0.400158	0.467387	0.0484794	0.0373514	0.0618302	1e-06	1e-06	0.0195322	0.0484794	0.001	500000.0	0.667248	0.667248	0.667248
43.tree	tree	real	834	0.4318704863478454			0.05026034827271979			0			0.05026034827271979			0.6672484606631115		
43.tree	tree	bd		0.433068	0.406908	0.459759	0.0484797	0.0395772	0.0589696	0			0.0484797			0.667248	0.667248	0.667248
44.tree	tree	bd		0.637062	0.6147	0.660888	0.0739794	0.0585853	0.0920979	0			0.0739794			0.0977107	0.0977107	0.0977107
44.tree	tree	real	958	0.6454978885042701			0.06962609080476403			0			0.06962609080476403			0.0977107076771677		
44.tree	tree	bdct		0.637062	0.609111	0.666608	0.0739791	0.0551642	0.0968656	1e-06	1e-06	0.00781349	61.4373	0.001	500000.0	0.0977107	0.0977107	0.0977107
45.tree	tree	bd		0.159489	0.152059	0.167117	0.0647296	0.0547718	0.0752193	0			0.0647296			0.123513	0.123513	0.123513
45.tree	tree	bdct		0.159489	0.150202	0.169024	0.0647296	0.0527803	0.0780801	1e-06	1e-06	0.04004	0.0647296	0.001	500000.0	0.123513	0.123513	0.123513
45.tree	tree	real	735	0.1590723260859212			0.06117833453479945			0			0.06117833453479945			0.1235127059844298		
46.tree	tree	bd		0.291361	0.273214	0.310429	0.0700891	0.0576747	0.0843932	0			0.0700891			0.465814	0.465814	0.465814
46.tree	tree	bdct		0.291348	0.268665	0.315183	0.070022	0.0543842	0.0881406	0.000377609	1e-06	0.0189253	41.3359	0.001	500000.0	0.465814	0.465814	0.465814
46.tree	tree	real	623	0.29072736536998744			0.07853915635391913			0			0.07853915635391913			0.4658143885761908		
47.tree	tree	real	538	0.5401389197356677			0.2440823003859153			0			0.2440823003859153			0.118318159036291		
47.tree	tree	bd		0.533416	0.503779	0.56487	0.241667	0.204063	0.282665	0			0.241667			0.118318	0.118318	0.118318
47.tree	tree	bdct		0.533301	0.496393	0.573334	0.241439	0.193539	0.292925	0.000374621	1e-06	0.0238033	9.18165	0.001	500000.0	0.118318	0.118318	0.118318
48.tree	tree	bd		0.0594826	0.0539998	0.0652043	0.0541113	0.0491321	0.059833	0			0.0541113			0.632462	0.632462	0.632462
48.tree	tree	bdct		0.0594827	0.0530861	0.066158	0.0541112	0.0483022	0.0607866	1e-06	1e-06	0.0683603	0.0541112	0.001	500000.0	0.632462	0.632462	0.632462
48.tree	tree	real	750	0.057341900133924165			0.05678792416007198			0			0.05678792416007198			0.6324622119077622		
49.tree	tree	bd		1.12152	1.05313	1.19296	0.494391	0.419226	0.575413	0			0.494391			0.226869	0.226869	0.226869
49.tree	tree	bdct		1.12152	1.03616	1.21201	0.494389	0.400915	0.597335	1e-06	1e-06	0.0214854	7.36661	0.001	500000.0	0.226869	0.226869	0.226869
49.tree	tree	real	532	1.088022583827631			0.4738505864969614			0			0.4738505864969614			0.2268687723745328		
50.tree	tree	bdct		0.39645	0.364011	0.430769	0.0716565	0.0534403	0.0935894	0.00183688	1e-06	0.0496005	24.7665	0.001	500000.0	0.45808	0.45808	0.45808
50.tree	tree	bd		0.39656	0.370292	0.424205	0.0719372	0.0569739	0.0891021	0			0.0719372			0.45808	0.45808	0.45808
50.tree	tree	real	551	0.3977991288047881			0.06716239287110967			0			0.06716239287110967			0.4580802801894216		
51.tree	tree	real	869	0.9485262635267738			0.3851074500012784			0			0.3851074500012784			0.4041714840640083		
51.tree	tree	bd		0.957488	0.90518	1.0118	0.416299	0.366009	0.469683	0			0.416299			0.404171	0.404171	0.404171
51.tree	tree	bdct		0.957492	0.892107	1.02514	0.416297	0.35384	0.484933	1e-06	1e-06	0.0253916	21.4934	0.001	500000.0	0.404171	0.404171	0.404171
52.tree	tree	bdct		0.0894196	0.0811303	0.0980019	0.0639675	0.0560966	0.07255	1e-06	1e-06	0.0371103	0.423822	0.001	500000.0	0.592922	0.592922	0.592922
52.tree	tree	bd		0.0894194	0.0832024	0.0960945	0.0639669	0.0570799	0.0706422	0			0.0639669			0.592922	0.592922	0.592922
52.tree	tree	real	837	0.08731549747818314			0.061055675369266454			0			0.061055675369266454			0.5929223683956373		
53.tree	tree	real	892	0.7313932678206914			0.08158151366434227			0			0.08158151366434227			0.4249286980041645		
53.tree	tree	bdct		0.73309	0.685905	0.782645	0.0760819	0.0584845	0.0980147	0.00257743	1e-06	0.0162141	76.9128	0.001	500000.0	0.424929	0.424929	0.424929
53.tree	tree	bd		0.732532	0.69467	0.771604	0.0767716	0.0625644	0.0939364	0			0.0767716			0.424929	0.424929	0.424929
54.tree	tree	bd		3.74115	3.47361	4.01953	0.542778	0.429555	0.677173	0			0.542778			0.613105	0.613105	0.613105
54.tree	tree	real	543	3.790347162383868			0.5886250110809619			0			0.5886250110809619			0.6131049968109511		
54.tree	tree	bdct		3.74116	3.40605	4.0927	0.542773	0.403097	0.715294	1e-06	1e-06	0.0439463	6.45312	0.001	500000.0	0.613105	0.613105	0.613105
55.tree	tree	bd		1.6972	1.57628	1.82192	0.354228	0.290758	0.426682	0			0.354228			0.698598	0.698598	0.698598
55.tree	tree	real	612	1.7046242666934213			0.3205469684996835			0			0.3205469684996835			0.6985978841963721		
55.tree	tree	bdct		1.69719	1.54645	1.85523	0.354225	0.275577	0.447652	1e-06	1e-06	0.0419931	14.5353	0.001	500000.0	0.698598	0.698598	0.698598
56.tree	tree	real	541	2.9046511885223865			0.29304063154484106			0			0.29304063154484106			0.5185720532779516		
56.tree	tree	bd		3.01334	2.80521	3.23107	0.277875	0.212982	0.357961	0			0.277875			0.518572	0.518572	0.518572
56.tree	tree	bdct		3.02192	2.76009	3.29955	0.270974	0.192407	0.372989	0.00675685	1e-06	0.0358558	150.562	0.001	500000.0	0.518572	0.518572	0.518572
57.tree	tree	real	682	0.34526185795502506			0.05217016150998021			0			0.05217016150998021			0.6397362650188956		
57.tree	tree	bd		0.33991	0.317404	0.362791	0.0539583	0.0432011	0.0663554	0			0.0539583			0.639736	0.639736	0.639736
57.tree	tree	bdct		0.339984	0.312177	0.369538	0.0536377	0.0404783	0.0688956	0.00217385	1e-06	0.0343304	23.7204	0.001	500000.0	0.639736	0.639736	0.639736
58.tree	tree	bd		0.180689	0.169459	0.192131	0.0654504	0.0563871	0.0749866	0			0.0654504			0.544072	0.544072	0.544072
58.tree	tree	real	825	0.18372439732721924			0.06249999429711305			0			0.06249999429711305			0.5440724135601667		
58.tree	tree	bdct		0.180684	0.167348	0.194987	0.0654515	0.0543739	0.0778485	1e-06	1e-06	0.0107432	113.839	0.001	500000.0	0.544072	0.544072	0.544072
59.tree	tree	bdct		0.287363	0.26611	0.309292	0.0906882	0.0745724	0.108806	1e-06	1e-06	0.0263682	0.0906882	0.001	500000.0	0.5651	0.5651	0.5651
59.tree	tree	bd		0.287363	0.270025	0.305478	0.0906882	0.0780758	0.104992	0			0.0906882			0.5651	0.5651	0.5651
59.tree	tree	real	829	0.28554776330042825			0.09706616706516652			0			0.09706616706516652			0.5651002617044324		
60.tree	tree	real	773	0.3402932338229086			0.04970414202481659			0			0.04970414202481659			0.1489219781249695		
60.tree	tree	bd		0.335284	0.32092	0.350538	0.0465927	0.0366193	0.0580363	0			0.0465927			0.148922	0.148922	0.148922
60.tree	tree	bdct		0.335284	0.317656	0.354351	0.0465927	0.0344822	0.0608972	1e-06	1e-06	0.0136729	0.0465927	0.001	500000.0	0.148922	0.148922	0.148922
61.tree	tree	bd		1.09	1.00971	1.17383	0.388271	0.322466	0.460723	0			0.388271			0.505076	0.505076	0.505076
61.tree	tree	bdct		1.09	0.989502	1.19574	0.388271	0.307337	0.480741	1e-06	1e-06	0.0380869	14.3875	0.001	500000.0	0.505076	0.505076	0.505076
61.tree	tree	real	501	1.0898339524515621			0.39486456418089017			0			0.39486456418089017			0.5050761355331106		
62.tree	tree	bdct		0.6262	0.595062	0.659558	0.0985374	0.074915	0.127145	1e-06	1e-06	0.00879005	57.0331	0.001	500000.0	0.147945	0.147945	0.147945
62.tree	tree	bd		0.6262	0.601168	0.651933	0.0985375	0.0794872	0.12047	0			0.0985375			0.147945	0.147945	0.147945
62.tree	tree	real	813	0.6268973537624809			0.08926209296051638			0			0.08926209296051638			0.1479450579431744		
63.tree	tree	bdct		0.239465	0.222698	0.256627	0.0692238	0.0558988	0.0844815	1e-06	1e-06	0.0429697	0.0692238	0.001	500000.0	0.428554	0.428554	0.428554
63.tree	tree	real	774	0.22966822946415327			0.06399479308702406			0			0.06399479308702406			0.428554366367035		
63.tree	tree	bd		0.239465	0.225493	0.253767	0.0692237	0.0585638	0.080667	0			0.0692237			0.428554	0.428554	0.428554
64.tree	tree	bd		0.860107	0.802218	0.920136	0.10535	0.0833385	0.131096	0			0.10535			0.654416	0.654416	0.654416
64.tree	tree	bdct		0.860129	0.787137	0.936357	0.105337	0.0784379	0.137759	1.56909e-06	1e-06	0.0361343	33.3266	0.001	500000.0	0.654416	0.654416	0.654416
64.tree	tree	real	639	0.870076970972169			0.10758211320511843			0			0.10758211320511843			0.6544160024910988		
65.tree	tree	real	904	2.2223159698755848			0.31161956286687675			0			0.31161956286687675			0.3219102118558763		
65.tree	tree	bdct		2.2273	2.09903	2.36433	0.336921	0.26147	0.421769	0.00125304	1e-06	0.0129571	168.294	0.001	500000.0	0.32191	0.32191	0.32191
65.tree	tree	bd		2.22753	2.12425	2.33411	0.336416	0.276801	0.404104	0			0.336416			0.32191	0.32191	0.32191
66.tree	tree	bdct		1.11722	1.03274	1.20581	0.131506	0.0998991	0.170602	0.00611416	1e-06	0.0371731	16.4735	0.001	500000.0	0.593122	0.593122	0.593122
66.tree	tree	real	769	1.115063402079131			0.13149423813619637			0			0.13149423813619637			0.5931220172584356		
66.tree	tree	bd		1.11537	1.04844	1.18491	0.134062	0.108593	0.163622	0			0.134062			0.593122	0.593122	0.593122
67.tree	tree	bd		1.0576	1.01787	1.09951	0.134577	0.107966	0.165091	0			0.134577			0.137313	0.137313	0.137313
67.tree	tree	bdct		1.05842	1.00834	1.11177	0.132732	0.0997992	0.172781	0.00262708	1e-06	0.021133	8.67024	0.001	500000.0	0.137313	0.137313	0.137313
67.tree	tree	real	922	1.0494108721481146			0.13782996536118422			0			0.13782996536118422			0.1373132323307454		
68.tree	tree	bd		0.857713	0.815044	0.901544	0.137727	0.115295	0.163473	0			0.137727			0.447883	0.447883	0.447883
68.tree	tree	bdct		0.857713	0.804168	0.912978	0.137727	0.109954	0.170148	1e-06	1e-06	0.0117197	44.6217	0.001	500000.0	0.447883	0.447883	0.447883
68.tree	tree	real	952	0.8780997707288614			0.1307385983948534			0			0.1307385983948534			0.4478827793581356		
69.tree	tree	bd		1.69629	1.58868	1.80768	0.297431	0.241271	0.362261	0			0.297431			0.544376	0.544376	0.544376
69.tree	tree	real	646	1.6615091891487865			0.30604712524943767			0			0.30604712524943767			0.5443764716071665		
69.tree	tree	bdct		1.69629	1.56136	1.8372	0.29743	0.228533	0.380375	1e-06	1e-06	0.031251	16.1507	0.001	500000.0	0.544376	0.544376	0.544376
70.tree	tree	bdct		0.807672	0.742288	0.876282	0.115786	0.0879865	0.149161	1e-06	1e-06	0.0361338	35.0353	0.001	500000.0	0.595117	0.595117	0.595117
70.tree	tree	bd		0.807683	0.75569	0.861999	0.115781	0.093363	0.142481	0			0.115781			0.595117	0.595117	0.595117
70.tree	tree	real	668	0.8096213425880414			0.10791192651350216			0			0.10791192651350216			0.5951172778305157		
71.tree	tree	bd		0.404947	0.374177	0.437359	0.0636983	0.0499831	0.0799098	0			0.0636983			0.678429	0.678429	0.678429
71.tree	tree	real	514	0.397297332883122			0.06803526710654301			0			0.06803526710654301			0.6784289212654506		
71.tree	tree	bdct		0.404947	0.366288	0.445938	0.0636983	0.0460644	0.0846778	1e-06	1e-06	0.0361338	0.0636983	0.001	500000.0	0.678429	0.678429	0.678429
72.tree	tree	bdct		0.0597924	0.0551993	0.0645605	0.0518734	0.047104	0.0575951	0.00560308	1e-06	0.0201694	21.726	0.001	500000.0	0.137524	0.137524	0.137524
72.tree	tree	bd		0.059998	0.0563107	0.0638125	0.0521356	0.0481406	0.0569037	0			0.0521356			0.137524	0.137524	0.137524
72.tree	tree	real	889	0.06131939653463962			0.052458995588275055			0			0.052458995588275055			0.1375238914587888		
73.tree	tree	bd		0.181879	0.169868	0.195228	0.0793792	0.0683571	0.0908224	0			0.0793792			0.586373	0.586373	0.586373
73.tree	tree	bdct		0.18186	0.166318	0.19807	0.079251	0.0658016	0.0945086	0.000972325	1e-06	0.0175577	30.4665	0.001	500000.0	0.586373	0.586373	0.586373
73.tree	tree	real	719	0.18404083453800096			0.06935278401416596			0			0.06935278401416596			0.5863728745626435		
74.tree	tree	bdct		0.321668	0.301	0.343595	0.0580841	0.0455969	0.0723884	1e-06	1e-06	0.0263682	85.9604	0.001	500000.0	0.457835	0.457835	0.457835
74.tree	tree	bd		0.32167	0.30476	0.338831	0.0580828	0.0482717	0.0695263	0			0.0580828			0.457835	0.457835	0.457835
74.tree	tree	real	911	0.330943480331408			0.05510871088917748			0			0.05510871088917748			0.4578348987844837		
75.tree	tree	real	684	0.5204110801049577			0.212933319867501			0			0.212933319867501			0.2279464093603657		
75.tree	tree	bdct		0.530472	0.495829	0.566692	0.202807	0.164968	0.24476	0.0020492	1e-06	0.0332352	12.1282	0.001	500000.0	0.227946	0.227946	0.227946
75.tree	tree	bd		0.530849	0.503425	0.559444	0.203694	0.173607	0.236113	0			0.203694			0.227946	0.227946	0.227946
76.tree	tree	bd		0.444146	0.417315	0.471791	0.0495605	0.0396966	0.061004	0			0.0495605			0.667022	0.667022	0.667022
76.tree	tree	real	811	0.4537659843371887			0.04923085106267973			0			0.04923085106267973			0.6670222849214065		
76.tree	tree	bdct		0.444149	0.410393	0.479419	0.04956	0.0381788	0.0638644	1e-06	1e-06	0.0185557	93.1679	0.001	500000.0	0.667022	0.667022	0.667022
77.tree	tree	bdct		0.960663	0.897872	1.0264	0.110802	0.0842091	0.143223	1e-06	1e-06	0.00879005	39.1325	0.001	500000.0	0.371389	0.371389	0.371389
77.tree	tree	bd		0.960656	0.910049	1.01306	0.110804	0.0885	0.13655	0			0.110804			0.371389	0.371389	0.371389
77.tree	tree	real	801	0.9783684174258375			0.10467125375926124			0			0.10467125375926124			0.371389464165624		
78.tree	tree	real	598	1.4590641486849198			0.14757853808050173			0			0.14757853808050173			0.2008078335606232		
78.tree	tree	bdct		1.43855	1.34379	1.5414	0.144155	0.101656	0.198506	1e-06	1e-06	0.0253916	20.0415	0.001	500000.0	0.200808	0.200808	0.200808
78.tree	tree	bd		1.43856	1.36205	1.5195	0.144149	0.10948	0.187058	0			0.144149			0.200808	0.200808	0.200808
79.tree	tree	bd		1.0997	1.02352	1.17877	0.422851	0.364352	0.48672	0			0.422851			0.735807	0.735807	0.735807
79.tree	tree	real	732	1.08924994751438			0.41712385057242585			0			0.41712385057242585			0.7358066933964319		
79.tree	tree	bdct		1.0997	1.00421	1.19973	0.42285	0.350344	0.503878	1e-06	1e-06	0.0341807	17.4602	0.001	500000.0	0.735807	0.735807	0.735807
80.tree	tree	real	893	0.5546380219160487			0.09052648024167112			0			0.09052648024167112			0.1505276385359433		
80.tree	tree	bdct		0.555463	0.528389	0.584057	0.0868594	0.0660653	0.111653	0.00508519	1e-06	0.0274319	5.51894	0.001	500000.0	0.150528	0.150528	0.150528
80.tree	tree	bd		0.555035	0.533934	0.576958	0.0888511	0.072379	0.107923	0			0.0888511			0.150528	0.150528	0.150528
81.tree	tree	real	780	0.32074120830535263			0.13633645883715237			0			0.13633645883715237			0.6711617682673869		
81.tree	tree	bdct		0.323934	0.296813	0.352535	0.131603	0.110176	0.155442	1e-06	1e-06	0.0283213	0.131603	0.001	500000.0	0.671162	0.671162	0.671162
81.tree	tree	bd		0.323937	0.302492	0.346818	0.131607	0.114261	0.150678	0			0.131607			0.671162	0.671162	0.671162
82.tree	tree	bdct		0.51544	0.489818	0.542129	0.0947886	0.0654797	0.131025	1e-06	1e-06	0.0126963	36.3609	0.001	500000.0	0.0591934	0.0591934	0.0591934
82.tree	tree	real	510	0.520290238555741			0.10025487283485883			0			0.10025487283485883			0.0591934224839294		
82.tree	tree	bd		0.51544	0.494842	0.53641	0.0947885	0.0713414	0.123396	0			0.0947885			0.0591934	0.0591934	0.0591934
83.tree	tree	bdct		0.386682	0.36559	0.409561	0.0526826	0.0389544	0.0688942	0.0043004	1e-06	0.0188858	26.1354	0.001	500000.0	0.177868	0.177868	0.177868
83.tree	tree	real	781	0.37600335381785016			0.05644758383291911			0			0.05644758383291911			0.1778678836890792		
83.tree	tree	bd		0.386007	0.368712	0.40412	0.0538876	0.0431448	0.0672384	0			0.0538876			0.177868	0.177868	0.177868
84.tree	tree	real	565	2.4385580919994383			0.40291881618963005			0			0.40291881618963005			0.228917788985613		
84.tree	tree	bd		2.35929	2.23492	2.48868	0.413662	0.32581	0.516617	0			0.413662			0.228918	0.228918	0.228918
84.tree	tree	bdct		2.35931	2.20328	2.522	0.413654	0.305654	0.545206	1e-06	1e-06	0.024415	10.7241	0.001	500000.0	0.228918	0.228918	0.228918
85.tree	tree	bdct		0.550202	0.518558	0.584515	0.176974	0.133668	0.22751	1e-06	1e-06	0.0195322	0.176974	0.001	500000.0	0.0672457	0.0672457	0.0672457
85.tree	tree	bd		0.550203	0.524996	0.576892	0.176975	0.141918	0.217022	0			0.176975			0.0672457	0.0672457	0.0672457
85.tree	tree	real	514	0.5561503015969207			0.1636136705603332			0			0.1636136705603332			0.0672457234161668		
86.tree	tree	real	995	0.49744002742156124			0.05410600192523016			0			0.05410600192523016			0.5494471960197509		
86.tree	tree	bdct		0.484345	0.452248	0.517707	0.0518319	0.0407124	0.0651827	0.00103131	1e-06	0.0185913	42.1122	0.001	500000.0	0.549447	0.549447	0.549447
86.tree	tree	bd		0.484207	0.458726	0.509944	0.0520294	0.0424614	0.0625193	0			0.0520294			0.549447	0.549447	0.549447
87.tree	tree	bdct		0.521717	0.495274	0.550312	0.0619376	0.0447989	0.0829171	1e-06	1e-06	0.0146494	0.0619376	0.001	500000.0	0.117486	0.117486	0.117486
87.tree	tree	bd		0.521717	0.500359	0.544593	0.0619376	0.0476554	0.0791027	0			0.0619376			0.117486	0.117486	0.117486
87.tree	tree	real	760	0.5242196575813943			0.06824347838950313			0			0.06824347838950313			0.1174864810405152		
88.tree	tree	real	574	0.5894424482410552			0.08701340600855878			0			0.08701340600855878			0.1404385133914886		
88.tree	tree	bd		0.592582	0.564852	0.622129	0.0887861	0.0682113	0.113579	0			0.0887861			0.140439	0.140439	0.140439
88.tree	tree	bdct		0.592587	0.557924	0.629758	0.0887849	0.0634096	0.120253	1e-06	1e-06	0.0107432	51.2831	0.001	500000.0	0.140439	0.140439	0.140439
89.tree	tree	real	982	0.14707788411809222			0.0644140075907537			0			0.0644140075907537			0.2329893393485202		
89.tree	tree	bdct		0.143152	0.134823	0.151734	0.0656561	0.0560587	0.0761458	1e-06	1e-06	0.0214854	0.0656561	0.001	500000.0	0.232989	0.232989	0.232989
89.tree	tree	bd		0.143152	0.136488	0.15078	0.065656	0.0580792	0.0742385	0			0.065656			0.232989	0.232989	0.232989
90.tree	tree	bd		0.492263	0.460599	0.524672	0.279738	0.245985	0.315968	0			0.279738			0.246751	0.246751	0.246751
90.tree	tree	real	605	0.5080363664403958			0.3002263096561042			0			0.3002263096561042			0.2467510094800873		
90.tree	tree	bdct		0.492262	0.452923	0.53325	0.279737	0.237818	0.325501	1e-06	1e-06	0.0302744	19.885	0.001	500000.0	0.246751	0.246751	0.246751
91.tree	tree	bd		1.3881	1.3136	1.46524	0.21428	0.180122	0.253372	0			0.21428			0.62261	0.62261	0.62261
91.tree	tree	bdct		1.38813	1.29466	1.48527	0.21426	0.171775	0.263841	1.18403e-05	1e-06	0.0302849	24.0089	0.001	500000.0	0.62261	0.62261	0.62261
91.tree	tree	real	983	1.3370114637499466			0.22178180849542067			0			0.22178180849542067			0.6226100020123411		
92.tree	tree	bdct		0.616807	0.571704	0.663508	0.130778	0.100868	0.166059	1e-06	1e-06	0.0214854	0.130778	0.001	500000.0	0.392886	0.392886	0.392886
92.tree	tree	real	629	0.6177262162576465			0.12687613106360557			0			0.12687613106360557			0.392885674611414		
92.tree	tree	bd		0.616807	0.580725	0.653978	0.130778	0.106445	0.158431	0			0.130778			0.392886	0.392886	0.392886
93.tree	tree	bdct		2.0223	1.92558	2.12318	0.286745	0.216983	0.371598	1e-06	1e-06	0.0185557	21.2425	0.001	500000.0	0.127636	0.127636	0.127636
93.tree	tree	bd		2.02226	1.94528	2.10221	0.286792	0.230415	0.352577	0			0.286792			0.127636	0.127636	0.127636
93.tree	tree	real	845	2.0253915616311566			0.3021639540164953			0			0.3021639540164953			0.1276362822317894		
94.tree	tree	bd		0.896083	0.863741	0.928479	0.179851	0.150508	0.213223	0			0.179851			0.152544	0.152544	0.152544
94.tree	tree	real	998	0.877684495112392			0.16513076777409727			0			0.16513076777409727			0.1525444944110074		
94.tree	tree	bdct		0.896083	0.855874	0.937055	0.179851	0.143522	0.221805	1e-06	1e-06	0.00781349	40.4199	0.001	500000.0	0.152544	0.152544	0.152544
95.tree	tree	bd		0.30707	0.291527	0.323277	0.0965025	0.0815803	0.112713	0			0.0965025			0.245152	0.245152	0.245152
95.tree	tree	real	730	0.3082610051387731			0.08888593980288435			0			0.08888593980288435			0.2451518307382003		
95.tree	tree	bdct		0.307016	0.28789	0.327037	0.0960248	0.0774653	0.117004	0.00182043	1e-06	0.0144926	68.7355	0.001	500000.0	0.245152	0.245152	0.245152
96.tree	tree	bdct		1.7802	1.64207	1.92395	0.459004	0.35971	0.574346	1e-06	1e-06	0.0214854	10.1722	0.001	500000.0	0.421697	0.421697	0.421697
96.tree	tree	bd		1.7802	1.66987	1.89349	0.459001	0.378493	0.549559	0			0.459001			0.421697	0.421697	0.421697
96.tree	tree	real	596	1.7631779058227433			0.537512963147265			0			0.537512963147265			0.4216973931234317		
97.tree	tree	real	993	2.177796078660218			0.22686814393108318			0			0.22686814393108318			0.5839220106721567		
97.tree	tree	bd		2.24166	2.12405	2.36346	0.209741	0.172233	0.252647	0			0.209741			0.583922	0.583922	0.583922
97.tree	tree	bdct		2.24167	2.09397	2.39582	0.209739	0.164077	0.26504	1e-06	1e-06	0.0205088	22.7916	0.001	500000.0	0.583922	0.583922	0.583922
98.tree	tree	real	544	0.31351959279969305			0.09229036695814331			0			0.09229036695814331			0.6944480490191675		
98.tree	tree	bd		0.311772	0.287493	0.337513	0.0929054	0.0763912	0.111024	0			0.0929054			0.694448	0.694448	0.694448
98.tree	tree	bdct		0.311783	0.281433	0.343244	0.0927897	0.0712765	0.115676	0.000574194	1e-06	0.0249742	26.2461	0.001	500000.0	0.694448	0.694448	0.694448
99.tree	tree	bdct		0.522659	0.498206	0.548394	0.108404	0.0832312	0.137965	1e-06	1e-06	0.00976662	71.8461	0.001	500000.0	0.120634	0.120634	0.120634
99.tree	tree	bd		0.522657	0.502789	0.542674	0.10841	0.0882703	0.131295	0			0.10841			0.120634	0.120634	0.120634
99.tree	tree	real	798	0.5076782103337022			0.09250888279723488			0			0.09250888279723488			0.1206343848130156		
