	data_type	type	sampled_tips	lambda	lambda_min	lambda_max	psi	psi_min	psi_max	upsilon	upsilon_min	upsilon_max	phi	phi_min	phi_max	p	p_min	p_max
0.tree	tree	bd		0.385855	0.361802	0.411594	0.209804	0.187782	0.233641	0			0.209804			0.598837	0.598837	0.598837
0.tree	tree	bdct		0.327359	0.29995	0.35596	0.0957386	0.0764948	0.117671	0.703815	0.628897	0.77439	26.9804	22.5837	32.0456	0.598837	0.598837	0.598837
0.tree	tree	real	905	0.3173241070066314			0.053145722787587876			0.699818017100889			26.195811894689584			0.5988369461157733		
1.tree	tree	bd		1.64995	1.54125	1.7623	0.606202	0.522869	0.696746	0			0.606202			0.621693	0.621693	0.621693
1.tree	tree	bdct		1.57301	1.43178	1.7206	0.256458	0.186606	0.342267	0.47782	0.388229	0.56859	13.6376	10.5531	17.6133	0.621693	0.621693	0.621693
1.tree	tree	real	730	1.5348294772532871			0.19595689675078481			0.5039804277373457			10.501229681579298			0.621692864854137		
2.tree	tree	real	947	0.46962617906013454			0.07999187729142948			0.4450411414632059			23.74108100708749			0.5540853381704638		
2.tree	tree	bdct		0.459401	0.423588	0.496577	0.132464	0.107301	0.16107	0.468776	0.401939	0.536216	27.3708	22.4336	33.1642	0.554085	0.554085	0.554085
2.tree	tree	bd		0.510867	0.480992	0.542322	0.254395	0.22668	0.283951	0			0.254395			0.554085	0.554085	0.554085
3.tree	tree	bdct		1.50096	1.37353	1.63428	0.333194	0.259878	0.419949	0.372667	0.306432	0.441894	110.236	85.5836	140.125	0.661017	0.661017	0.661017
3.tree	tree	bd		1.56689	1.4652	1.67258	0.618655	0.537829	0.706339	0			0.618655			0.661017	0.661017	0.661017
3.tree	tree	real	782	1.5082770972727864			0.24885348360386417			0.3274295549630646			101.31610192115207			0.6610174633680287		
4.tree	tree	real	677	0.06765366277651351			0.05365783471818055			0.0553583580214924			14.979827006634373			0.5340603015521301		
4.tree	tree	bd		0.0745485	0.0688025	0.0812237	0.0563849	0.0503272	0.0621067	0			0.0563849			0.53406	0.53406	0.53406
4.tree	tree	bdct		0.0731472	0.0658197	0.080776	0.053234	0.0458886	0.060863	0.0590178	0.0295094	0.0994506	20.1037	8.76586	42.6706	0.53406	0.53406	0.53406
5.tree	tree	bdct		0.143909	0.131628	0.157259	0.0600645	0.048067	0.0734151	0.519858	0.441677	0.598631	5.80036	4.64643	7.17311	0.407914	0.407914	0.407914
5.tree	tree	bd		0.173147	0.161716	0.185543	0.114169	0.101791	0.126566	0			0.114169			0.407914	0.407914	0.407914
5.tree	tree	real	751	0.13836888319096455			0.04839816400250214			0.4571757834244387			6.444934729010657			0.4079140195585978		
6.tree	tree	bd		0.8073	0.74982	0.867333	0.277016	0.229576	0.329454	0			0.277016			0.463982	0.463982	0.463982
6.tree	tree	real	502	0.7149168204986024			0.10388718790415756			0.2778760850871267			7.936955416804142			0.4639815942942584		
6.tree	tree	bdct		0.767727	0.694348	0.844915	0.151885	0.10768	0.206236	0.30277	0.217025	0.397414	12.0507	8.02994	18.3248	0.463982	0.463982	0.463982
7.tree	tree	real	667	0.7500014618476339			0.08296404958831673			0.5854706531182822			40.32763615467106			0.3991742073163217		
7.tree	tree	bdct		0.740555	0.677	0.807263	0.168491	0.125309	0.21998	0.589691	0.507917	0.669829	40.3845	32.5445	49.588	0.399174	0.399174	0.399174
7.tree	tree	bd		0.862433	0.806911	0.920557	0.44232	0.388017	0.500468	0			0.44232			0.399174	0.399174	0.399174
8.tree	tree	bdct		0.200823	0.190676	0.211311	0.0582513	0.0457276	0.0725556	0.350517	0.296434	0.406966	21.5309	17.638	26.056	0.0774515	0.0774515	0.0774515
8.tree	tree	bd		0.255458	0.24353	0.268806	0.149739	0.134633	0.165949	0			0.149739			0.0774515	0.0774515	0.0774515
8.tree	tree	real	987	0.20177167749714794			0.05283768658620456			0.3069702625824186			21.402197682887344			0.0774514964645563		
9.tree	tree	bdct		0.377285	0.348623	0.406838	0.144486	0.122067	0.169278	0.0376169	0.0176335	0.0667516	76.068	31.0796	172.568	0.65474	0.65474	0.65474
9.tree	tree	bd		0.379822	0.356885	0.403655	0.152411	0.134076	0.172435	0			0.152411			0.65474	0.65474	0.65474
9.tree	tree	real	925	0.3638289510733564			0.14397948291720938			0.0401913252563374			55.15939055260372			0.6547404628778554		
10.tree	tree	bd		1.66349	1.54741	1.7844	0.88703	0.777142	1.00423	0			0.88703			0.492943	0.492943	0.492943
10.tree	tree	real	645	1.2924466919865536			0.23576968792021805			0.614286270864708			116.24098242380691			0.4929426769452535		
10.tree	tree	bdct		1.37659	1.2483	1.51278	0.400801	0.306316	0.510429	0.63833	0.551058	0.723096	101.349	81.5266	124.758	0.492943	0.492943	0.492943
11.tree	tree	bd		0.266146	0.249057	0.284261	0.0741219	0.0604116	0.0893796	0			0.0741219			0.371988	0.371988	0.371988
11.tree	tree	real	525	0.2591147389317051			0.061040697547437794			0.0966678853388031			27.06138925692918			0.371987925091807		
11.tree	tree	bdct		0.263341	0.241309	0.287177	0.0519455	0.0376171	0.0691107	0.144372	0.0953083	0.204533	29.1209	17.3185	46.7367	0.371988	0.371988	0.371988
12.tree	tree	bdct		2.23058	2.07163	2.39805	0.232623	0.170193	0.310806	0.125032	0.0840064	0.173737	82.8379	52.7903	127.169	0.347477	0.347477	0.347477
12.tree	tree	real	717	2.2202328248806724			0.23889316359075385			0.0891488218957103			69.1643440893682			0.3474770849532346		
12.tree	tree	bd		2.19766	2.08129	2.31852	0.35509	0.288698	0.431356	0			0.35509			0.347477	0.347477	0.347477
13.tree	tree	bd		1.10992	1.0287	1.19565	0.87292	0.790326	0.960582	0			0.87292			0.456431	0.456431	0.456431
13.tree	tree	real	685	0.9642217135736832			0.5273686515990001			0.4186442225310807			65.87118216380047			0.4564306894824998		
13.tree	tree	bdct		0.954681	0.86341	1.05282	0.573075	0.484806	0.669341	0.436157	0.359489	0.515998	76.4421	59.1701	97.4198	0.456431	0.456431	0.456431
14.tree	tree	bdct		0.258034	0.226909	0.291404	0.211859	0.182207	0.244277	0.358238	0.26728	0.45538	10.4888	7.16781	15.1425	0.725207	0.725207	0.725207
14.tree	tree	bd		0.272529	0.247073	0.300178	0.269492	0.243796	0.297141	0			0.269492			0.725207	0.725207	0.725207
14.tree	tree	real	555	0.23664397239969584			0.20234019685957386			0.4016064194956875			9.860093672579517			0.7252072148012677		
15.tree	tree	bdct		1.41386	1.27589	1.55862	0.220808	0.159846	0.296132	0.323041	0.253007	0.399066	96.5991	69.9394	129.487	0.735137	0.735137	0.735137
15.tree	tree	bd		1.4122	1.30677	1.52172	0.415818	0.345332	0.494941	0			0.415818			0.735137	0.735137	0.735137
15.tree	tree	real	594	1.4168004927780151			0.17779392764259683			0.2640886672836235			80.1117255948627			0.7351368410142322		
16.tree	tree	bdct		0.271547	0.249882	0.294429	0.0817879	0.0653779	0.0999062	0.0745691	0.0215559	0.143253	2.60866	1.21125	8.88947	0.675794	0.675794	0.675794
16.tree	tree	real	820	0.2671356804927257			0.06836763401225956			0.1001969109486621			1.5623490882374969			0.6757941971896877		
16.tree	tree	bd		0.273801	0.256218	0.291916	0.0917708	0.0790062	0.106075	0			0.0917708			0.675794	0.675794	0.675794
17.tree	tree	real	666	0.5480088566593045			0.059608550515672404			0.4500437042561747			16.88383269925889			0.5722770259394107		
17.tree	tree	bd		0.596849	0.556699	0.638785	0.210711	0.179582	0.244082	0			0.210711			0.572277	0.572277	0.572277
17.tree	tree	bdct		0.558533	0.508442	0.611909	0.0912576	0.0665778	0.120819	0.461168	0.381905	0.542204	17.78	13.8746	22.4476	0.572277	0.572277	0.572277
18.tree	tree	bdct		0.351866	0.32514	0.379513	0.106012	0.0830404	0.131758	0.428539	0.346514	0.512808	3.621	2.79201	4.70412	0.330349	0.330349	0.330349
18.tree	tree	bd		0.40939	0.386259	0.433223	0.208301	0.185628	0.233092	0			0.208301			0.330349	0.330349	0.330349
18.tree	tree	real	844	0.33507910214861497			0.06968058635551225			0.5134729367463317			2.46828287773097			0.3303486200106418		
19.tree	tree	bdct		0.401481	0.381144	0.422453	0.0584826	0.0432138	0.0775549	0.365796	0.310784	0.423395	12.9934	10.5455	15.8628	0.111103	0.111103	0.111103
19.tree	tree	bd		0.456392	0.437714	0.47641	0.199851	0.175771	0.225595	0			0.199851			0.111103	0.111103	0.111103
19.tree	tree	real	984	0.39422420122174273			0.062355568956269126			0.2900734887649529			13.42210013227051			0.1111031039405119		
20.tree	tree	real	584	2.288692844496107			0.39034492365877743			0.3115958979487918			83.74733857922355			0.3774065217050605		
20.tree	tree	bd		2.59731	2.43314	2.76663	0.972926	0.822012	1.13775	0			0.972926			0.377407	0.377407	0.377407
20.tree	tree	bdct		2.42475	2.21823	2.64166	0.429434	0.308937	0.579096	0.380702	0.303372	0.462348	85.3951	64.1977	113.174	0.377407	0.377407	0.377407
21.tree	tree	real	506	0.17845962532382253			0.12025852987962475			0.7116535233798638			59.30885728613088			0.6692670292840533		
21.tree	tree	bd		0.211969	0.191367	0.233899	0.206455	0.185588	0.228385	0			0.206455			0.669267	0.669267	0.669267
21.tree	tree	bdct		0.189581	0.166008	0.215325	0.130545	0.109798	0.153431	0.640476	0.546031	0.729655	65.3492	50.9705	82.2207	0.669267	0.669267	0.669267
22.tree	tree	real	770	0.4783996472397974			0.05773965667427646			0.7439841501704392			27.798053104073276			0.0841617474385516		
22.tree	tree	bdct		0.507025	0.472433	0.544199	0.186282	0.144304	0.233957	0.750699	0.673723	0.821789	26.6988	22.4532	31.5461	0.0841617	0.0841617	0.0841617
22.tree	tree	bd		0.889505	0.836577	0.944769	0.681442	0.622966	0.742435	0			0.681442			0.0841617	0.0841617	0.0841617
23.tree	tree	bdct		1.07682	0.987522	1.17209	0.130581	0.0905931	0.183026	0.305497	0.236283	0.38078	55.5361	40.9566	75.0023	0.333613	0.333613	0.333613
23.tree	tree	real	553	1.0828062033159809			0.11657597529344682			0.2610863840473383			55.218802347315865			0.3336128722003998		
23.tree	tree	bd		1.08583	1.02067	1.15346	0.305811	0.249849	0.368734	0			0.305811			0.333613	0.333613	0.333613
24.tree	tree	real	775	0.33864934463294405			0.059519965594447			0.073116933746491			6.158366931459946			0.4332449751925232		
24.tree	tree	bd		0.336744	0.318383	0.355811	0.0754343	0.0626409	0.0897383	0			0.0754343			0.433245	0.433245	0.433245
24.tree	tree	bdct		0.336151	0.311932	0.360939	0.0607683	0.0467601	0.0769798	0.0872239	0.0504268	0.133576	9.84097	5.15041	17.8427	0.433245	0.433245	0.433245
25.tree	tree	real	948	1.2390588111336374			0.16207196913453673			0.440716370653607			48.13671406486137			0.1922287372703588		
25.tree	tree	bd		1.50371	1.43254	1.57799	0.759442	0.678709	0.844254	0			0.759442			0.192229	0.192229	0.192229
25.tree	tree	bdct		1.25383	1.17981	1.33003	0.241402	0.18318	0.31005	0.490631	0.426427	0.555297	44.8917	37.2638	53.6612	0.192229	0.192229	0.192229
26.tree	tree	bdct		1.017	0.948541	1.0875	0.28365	0.22182	0.355155	0.440986	0.373804	0.510317	116.904	94.2802	143.53	0.206332	0.206332	0.206332
26.tree	tree	bd		1.22918	1.16321	1.29776	0.66365	0.590525	0.740846	0			0.66365			0.206332	0.206332	0.206332
26.tree	tree	real	779	1.0081214791661646			0.23329874318557753			0.4524378058181871			105.24268002871533			0.2063319205866556		
27.tree	tree	real	892	1.3131306954938913			0.23746282609315406			0.603701090994773			49.71011868109963			0.4948993332310642		
27.tree	tree	bdct		1.34349	1.2373	1.45492	0.436509	0.351449	0.532788	0.568996	0.494537	0.643075	52.1187	42.4023	63.6417	0.494899	0.494899	0.494899
27.tree	tree	bd		1.56295	1.46915	1.66103	0.893541	0.801149	0.990729	0			0.893541			0.494899	0.494899	0.494899
28.tree	tree	real	898	0.2641895682870229			0.05198001914398993			0.2920499103212192			20.223814358976743			0.5502717511189453		
28.tree	tree	bdct		0.256295	0.23635	0.27727	0.0633299	0.0506692	0.0785878	0.33381	0.27448	0.396915	19.0808	14.7283	24.5381	0.550272	0.550272	0.550272
28.tree	tree	bd		0.27355	0.25758	0.289758	0.108766	0.0952952	0.12307	0			0.108766			0.550272	0.550272	0.550272
29.tree	tree	bd		0.389178	0.364917	0.414918	0.200926	0.175154	0.228577	0			0.200926			0.285247	0.285247	0.285247
29.tree	tree	bdct		0.330779	0.303727	0.35938	0.0981793	0.0746437	0.125833	0.404277	0.326896	0.485142	11.7411	8.99091	15.1403	0.285247	0.285247	0.285247
29.tree	tree	real	627	0.31754596738180196			0.08528196021691961			0.4490833496033449			12.0293024791896			0.2852469587506416		
30.tree	tree	bd		0.39488	0.37334	0.416806	0.204634	0.179975	0.231332	0			0.204634			0.188449	0.188449	0.188449
30.tree	tree	bdct		0.330521	0.309282	0.352448	0.0759455	0.0566236	0.098832	0.431925	0.364437	0.501825	25.4082	20.4381	31.2222	0.188449	0.188449	0.188449
30.tree	tree	real	756	0.3339018813492292			0.07089686673401331			0.4106720734854294			28.188130533678134			0.1884494675024285		
31.tree	tree	bd		4.24972	3.98314	4.52511	1.16748	0.975534	1.38181	0			1.16748			0.544429	0.544429	0.544429
31.tree	tree	real	676	4.204986108660943			0.7579807903762306			0.1922001961947584			103.69938513791395			0.5444288088394068		
31.tree	tree	bdct		4.27402	3.91985	4.64436	0.72296	0.539649	0.946911	0.201922	0.145132	0.26661	111.429	75.9685	162.573	0.544429	0.544429	0.544429
32.tree	tree	bdct		0.349273	0.324785	0.375013	0.0649469	0.0489601	0.0830655	0.160804	0.116206	0.212434	32.7526	22.3768	47.0959	0.350704	0.350704	0.350704
32.tree	tree	bd		0.354249	0.335621	0.373316	0.0985868	0.0825765	0.115751	0			0.0985868			0.350704	0.350704	0.350704
32.tree	tree	real	747	0.3365084409362581			0.06215915022977651			0.1301166274693666			29.922171412992157			0.3507042675782819		
33.tree	tree	bdct		0.469669	0.440377	0.500172	0.125065	0.0921101	0.164161	0.213939	0.157948	0.278421	31.834	22.2797	44.3409	0.124297	0.124297	0.124297
33.tree	tree	real	573	0.46074608942821943			0.12518586639552312			0.2092314731686695			30.314536529302842			0.1242965116586582		
33.tree	tree	bd		0.51307	0.485567	0.542619	0.229942	0.19417	0.268081	0			0.229942			0.124297	0.124297	0.124297
34.tree	tree	real	832	0.5628156038372878			0.12761420419000602			0.3346867644234151			17.291234253024495			0.7296710524883339		
34.tree	tree	bd		0.595225	0.556345	0.635255	0.241744	0.21071	0.276068	0			0.241744			0.729671	0.729671	0.729671
34.tree	tree	bdct		0.574668	0.525929	0.626137	0.148601	0.117466	0.184835	0.329299	0.261767	0.401347	17.6389	13.0911	23.7351	0.729671	0.729671	0.729671
35.tree	tree	real	984	0.5091578926421797			0.05721280987518015			0.3328994120244608			24.34509159739749			0.437828017778322		
35.tree	tree	bdct		0.505455	0.470971	0.541676	0.0665292	0.0506589	0.0856015	0.37671	0.319321	0.436969	26.2234	21.2699	32.0373	0.437828	0.437828	0.437828
35.tree	tree	bd		0.515854	0.490212	0.542543	0.165876	0.143978	0.189713	0			0.165876			0.437828	0.437828	0.437828
36.tree	tree	bd		0.10791	0.100393	0.115539	0.0854694	0.0782103	0.0930982	0			0.0854694			0.287319	0.287319	0.287319
36.tree	tree	real	794	0.08386589380844149			0.05008704053566248			0.5820460787924109			2.280549923484912			0.2873192003764305		
36.tree	tree	bdct		0.0850155	0.0777954	0.0926443	0.0506963	0.0429312	0.0592789	0.519487	0.441361	0.598321	2.69661	2.16157	3.32525	0.287319	0.287319	0.287319
37.tree	tree	real	869	3.6381025912584555			0.40029655511434936			0.090904227794781			122.4176172163498			0.5897003426685494		
37.tree	tree	bd		3.6721	3.46596	3.88399	0.514545	0.42628	0.616536	0			0.514545			0.5897	0.5897	0.5897
37.tree	tree	bdct		3.75487	3.48085	4.04085	0.381121	0.290546	0.491706	0.09965	0.0638387	0.142733	131.651	78.1079	216.684	0.5897	0.5897	0.5897
38.tree	tree	real	783	0.3169404532871098			0.12457509648913387			0.1642448537520583			59.993671963048264			0.6208768810320039		
38.tree	tree	bd		0.338623	0.316203	0.362457	0.169269	0.148892	0.1912	0			0.169269			0.620877	0.620877	0.620877
38.tree	tree	bdct		0.328159	0.300683	0.357713	0.136373	0.113106	0.162118	0.161894	0.116362	0.214276	62.5792	42.4391	91.0368	0.620877	0.620877	0.620877
39.tree	tree	bdct		0.463471	0.430954	0.497788	0.106327	0.0808178	0.135887	0.659165	0.586425	0.729728	24.0103	20.1907	28.406	0.263221	0.263221	0.263221
39.tree	tree	real	864	0.43313625115275345			0.06411772674792977			0.6726161809004818			23.381412694231962			0.2632208684615926		
39.tree	tree	bd		0.593423	0.561025	0.626782	0.332294	0.298	0.368522	0			0.332294			0.263221	0.263221	0.263221
40.tree	tree	bdct		0.223755	0.200261	0.248545	0.0842319	0.0647244	0.106165	0.630338	0.53431	0.723475	12.597	9.83167	15.9907	0.469628	0.469628	0.469628
40.tree	tree	bd		0.26945	0.247953	0.292332	0.173666	0.152757	0.19655	0			0.173666			0.469628	0.469628	0.469628
40.tree	tree	real	540	0.22040591497213202			0.06169959766886181			0.6181794822386447			12.240388571474718			0.4696282869064848		
41.tree	tree	bd		0.452814	0.420163	0.48713	0.154044	0.130131	0.180743	0			0.154044			0.687005	0.687005	0.687005
41.tree	tree	bdct		0.443811	0.402298	0.487661	0.109559	0.0841153	0.139119	0.203916	0.144972	0.271552	21.881	14.5781	32.8664	0.687005	0.687005	0.687005
41.tree	tree	real	630	0.42989502844545013			0.11852898657687046			0.1621477680447768			20.776349346359016			0.6870052034556642		
42.tree	tree	bd		0.5054	0.47289	0.538761	0.275869	0.245269	0.308285	0			0.275869			0.527875	0.527875	0.527875
42.tree	tree	bdct		0.431038	0.394082	0.470122	0.121256	0.0949496	0.151769	0.648804	0.571505	0.72357	27.0399	22.2935	32.5772	0.527875	0.527875	0.527875
42.tree	tree	real	804	0.43619710008854523			0.06079111169107999			0.6419081377225402			25.545211063644814			0.5278749613316022		
43.tree	tree	bdct		0.22813	0.211273	0.245292	0.0558554	0.0447129	0.0692061	0.0614779	0.0172914	0.118302	1.96639	0.901164	5.17199	0.602373	0.602373	0.602373
43.tree	tree	real	913	0.22743587260466416			0.051448946382918546			0.0770398081150073			1.4042082002910468			0.6023731470324237		
43.tree	tree	bd		0.228751	0.215407	0.2421	0.0627952	0.0531397	0.073285	0			0.0627952			0.602373	0.602373	0.602373
44.tree	tree	bd		0.875057	0.82555	0.92651	0.333359	0.291814	0.378166	0			0.333359			0.561122	0.561122	0.561122
44.tree	tree	real	924	0.7927390047013455			0.15607521735691604			0.29097572921856			66.23684291945129			0.5611223949953634		
44.tree	tree	bdct		0.82943	0.767945	0.893273	0.186838	0.148364	0.231653	0.325956	0.269296	0.386514	70.7949	55.8921	88.6104	0.561122	0.561122	0.561122
45.tree	tree	bd		0.884668	0.836342	0.934215	0.331273	0.284184	0.382755	0			0.331273			0.335234	0.335234	0.335234
45.tree	tree	bdct		0.841295	0.77975	0.90609	0.138271	0.101272	0.184041	0.352501	0.285719	0.423321	21.8327	16.7099	28.1524	0.335234	0.335234	0.335234
45.tree	tree	real	736	0.8570836681604206			0.11051875962292236			0.3152117638037376			22.451622318357263			0.3352341412867987		
46.tree	tree	bd		0.256195	0.240246	0.272404	0.129043	0.113537	0.146206	0			0.129043			0.347201	0.347201	0.347201
46.tree	tree	bdct		0.227935	0.210205	0.247004	0.0738746	0.0585026	0.0910395	0.34193	0.275815	0.412621	16.4894	12.6516	21.2287	0.347201	0.347201	0.347201
46.tree	tree	real	730	0.2213760347239779			0.06598836389128551			0.3168091896760404			16.766821763264787			0.3472012169156004		
47.tree	tree	real	942	0.30185349797942623			0.13558756278330333			0.1978971163929203			67.17754906549511			0.3704589844748517		
47.tree	tree	bd		0.34199	0.323342	0.361057	0.183207	0.16399	0.20323	0			0.183207			0.370459	0.370459	0.370459
47.tree	tree	bdct		0.316391	0.294831	0.339272	0.131043	0.110216	0.153929	0.220121	0.17283	0.27191	64.9814	48.6926	85.6447	0.370459	0.370459	0.370459
48.tree	tree	bd		0.190819	0.177472	0.205121	0.121904	0.109624	0.135253	0			0.121904			0.701915	0.701915	0.701915
48.tree	tree	bdct		0.190124	0.173871	0.207287	0.119269	0.103562	0.13548	0.0203012	0.00444168	0.0451764	47.5447	12.0422	151.634	0.701915	0.701915	0.701915
48.tree	tree	real	883	0.18345794261696727			0.11592741513057604			0.0286492606268592			32.2210843650627			0.7019153357540694		
49.tree	tree	bd		0.447917	0.426967	0.469841	0.209595	0.183521	0.237246	0			0.209595			0.129796	0.129796	0.129796
49.tree	tree	bdct		0.386829	0.364975	0.408755	0.0749302	0.0547149	0.0997239	0.364815	0.297837	0.434288	2.92881	2.29979	3.7195	0.129796	0.129796	0.129796
49.tree	tree	real	824	0.3992630911512837			0.04933553174215216			0.4248804728836741			2.3339987732307277			0.1297961111710979		
50.tree	tree	bdct		0.362993	0.329763	0.398266	0.159812	0.125072	0.198907	0.584724	0.495074	0.673132	12.3465	9.77779	15.4356	0.218519	0.218519	0.218519
50.tree	tree	bd		0.498589	0.463603	0.534811	0.358601	0.320885	0.398641	0			0.358601			0.218519	0.218519	0.218519
50.tree	tree	real	585	0.33565728303790204			0.13030069363037236			0.5734957328454655			12.359829535526652			0.2185194646470623		
51.tree	tree	real	553	0.1021548221290386			0.05352403027835474			0.1306384077408744			4.988168317729711			0.412441606148531		
51.tree	tree	bd		0.103239	0.0952516	0.111821	0.0579188	0.0499146	0.0665014	0			0.0579188			0.412442	0.412442	0.412442
51.tree	tree	bdct		0.098169	0.0890594	0.107705	0.0471898	0.0378075	0.0576798	0.143935	0.0893974	0.209979	4.46287	2.52224	7.47753	0.412442	0.412442	0.412442
52.tree	tree	bdct		0.907582	0.859774	0.956175	0.236663	0.186953	0.29387	0.318149	0.26471	0.374748	58.154	46.3346	72.111	0.137231	0.137231	0.137231
52.tree	tree	bd		1.05577	1.00839	1.10531	0.530094	0.471708	0.59205	0			0.530094			0.137231	0.137231	0.137231
52.tree	tree	real	961	0.8781575859613878			0.25677256125236			0.2655575244062242			56.15028027906367			0.137231476959295		
53.tree	tree	real	558	0.26103108327413627			0.17457184567334777			0.7325538298825692			72.71309019179547			0.3575978085209548		
53.tree	tree	bdct		0.278693	0.248321	0.312063	0.18981	0.159571	0.222229	0.661765	0.568059	0.750948	77.5882	61.7478	96.6867	0.357598	0.357598	0.357598
53.tree	tree	bd		0.357996	0.328711	0.389456	0.324425	0.294104	0.355886	0			0.324425			0.357598	0.357598	0.357598
54.tree	tree	bd		0.33233	0.311622	0.354257	0.18804	0.168313	0.209017	0			0.18804			0.511169	0.511169	0.511169
54.tree	tree	real	870	0.28518050658099975			0.09115703134630593			0.388301809889492			44.10421738937637			0.5111693927233532		
54.tree	tree	bdct		0.296164	0.272528	0.320952	0.108278	0.0890019	0.130211	0.420275	0.355428	0.487645	42.1516	33.7312	52.317	0.511169	0.511169	0.511169
55.tree	tree	bd		2.691	2.56228	2.8232	0.390148	0.324023	0.465459	0			0.390148			0.374766	0.374766	0.374766
55.tree	tree	real	932	2.7565942947440782			0.3452399101581878			0.0423867227973246			3.836191315366116			0.3747662031692342		
55.tree	tree	bdct		2.69681	2.5349	2.8661	0.379283	0.297273	0.476521	0.00769335	1e-06	0.0299815	96.8865	0.001	500000.0	0.374766	0.374766	0.374766
56.tree	tree	real	627	0.5534534145357941			0.06403708924817908			0.0279755443101692			7.550405637063467			0.3663438921946932		
56.tree	tree	bd		0.575882	0.542198	0.611148	0.0772813	0.0605948	0.0973069	0			0.0772813			0.366344	0.366344	0.366344
56.tree	tree	bdct		0.578345	0.535495	0.624095	0.0705104	0.0509606	0.0943506	0.0256155	0.00320281	0.0627258	13.834	2.93917	66.0016	0.366344	0.366344	0.366344
57.tree	tree	real	739	0.8145834208098077			0.11916372078763425			0.5047451118006487			3.339761485851229			0.2029085953664419		
57.tree	tree	bd		0.926528	0.877721	0.977026	0.440955	0.385101	0.50101	0			0.440955			0.202909	0.202909	0.202909
57.tree	tree	bdct		0.810966	0.756388	0.867187	0.196093	0.143509	0.259023	0.369564	0.287278	0.454525	4.60613	3.52792	6.04501	0.202909	0.202909	0.202909
58.tree	tree	bd		0.791263	0.737241	0.847485	0.399264	0.350259	0.451695	0			0.399264			0.581514	0.581514	0.581514
58.tree	tree	real	719	0.7002142280655379			0.07861687911425491			0.6936203698235224			25.605609794290203			0.5815143420438884		
58.tree	tree	bdct		0.690637	0.626657	0.757348	0.167004	0.1268	0.21468	0.67002	0.584305	0.751871	26.2742	21.4899	31.9214	0.581514	0.581514	0.581514
59.tree	tree	bdct		0.546163	0.491327	0.604305	0.326673	0.27197	0.386735	0.106187	0.0622194	0.163796	101.49	55.4036	192.935	0.419815	0.419815	0.419815
59.tree	tree	bd		0.565205	0.520025	0.612862	0.368046	0.322165	0.416666	0			0.368046			0.419815	0.419815	0.419815
59.tree	tree	real	501	0.5594901692705038			0.32781336168411945			0.1045839161710206			157.84645166407975			0.4198146633238988		
60.tree	tree	real	565	0.5973123949814285			0.19280219183406108			0.5035872854362302			38.2455488159286			0.0651857633107175		
60.tree	tree	bd		0.923775	0.863398	0.987612	0.640027	0.569509	0.714366	0			0.640027			0.0651858	0.0651858	0.0651858
60.tree	tree	bdct		0.616494	0.572616	0.664148	0.218117	0.163838	0.281046	0.501144	0.418925	0.584936	47.7958	37.6331	59.8525	0.0651858	0.0651858	0.0651858
61.tree	tree	bd		0.595905	0.558143	0.635936	0.330676	0.284959	0.380251	0			0.330676			0.120551	0.120551	0.120551
61.tree	tree	bdct		0.469287	0.435446	0.504556	0.0999189	0.0690068	0.139016	0.481396	0.395835	0.568505	23.6786	18.4919	29.8688	0.120551	0.120551	0.120551
61.tree	tree	real	515	0.4437533135869828			0.060591419936887256			0.4822921069406961			23.771904896110595			0.1205512255430452		
62.tree	tree	bdct		0.536098	0.504222	0.569459	0.100199	0.0792745	0.124992	0.126863	0.0911832	0.168644	35.6366	24.1895	51.3562	0.329258	0.329258	0.329258
62.tree	tree	bd		0.540585	0.515819	0.56632	0.141203	0.12094	0.164088	0			0.141203			0.329258	0.329258	0.329258
62.tree	tree	real	962	0.5455105386676237			0.10211947902540283			0.0984089717758537			36.34696290445442			0.3292579356113082		
63.tree	tree	bdct		0.252992	0.233306	0.273015	0.0724263	0.0562438	0.0914984	0.536451	0.462584	0.610691	23.4967	19.2053	28.5173	0.30873	0.30873	0.30873
63.tree	tree	real	760	0.2456430990017811			0.05170966095693766			0.5182296871207984			23.710068752913898			0.3087299737952377		
63.tree	tree	bd		0.308735	0.290103	0.327803	0.174013	0.154414	0.19499	0			0.174013			0.30873	0.30873	0.30873
64.tree	tree	bd		3.03325	2.8156	3.25954	1.27733	1.08289	1.48972	0			1.27733			0.510706	0.510706	0.510706
64.tree	tree	bdct		2.86782	2.59765	3.1512	0.645521	0.473691	0.853288	0.370182	0.292097	0.453214	136.261	101.142	179.921	0.510706	0.510706	0.510706
64.tree	tree	real	554	2.876871762102741			0.40012155873772154			0.3391640820477578			130.54789760510025			0.510706317723017		
65.tree	tree	real	502	3.558882604054884			0.37054799328655114			0.4741144746530747			9.866968050235355			0.1785000782856275		
65.tree	tree	bdct		3.81473	3.52144	4.11874	0.833046	0.561656	1.17894	0.32764	0.234212	0.427444	20.881	14.7122	29.9927	0.1785	0.1785	0.1785
65.tree	tree	bd		4.29308	4.03478	4.56466	1.86856	1.5731	2.18934	0			1.86856			0.1785	0.1785	0.1785
66.tree	tree	bdct		0.253455	0.234718	0.272523	0.0577946	0.0435959	0.0740061	0.23165	0.172833	0.29693	6.18886	4.34353	8.70154	0.30726	0.30726	0.30726
66.tree	tree	real	727	0.24969557371517317			0.05683783663657362			0.2036582375359854			6.291902156102248			0.3072603099207062		
66.tree	tree	bd		0.268386	0.253764	0.283641	0.0965989	0.0824084	0.111856	0			0.0965989			0.30726	0.30726	0.30726
67.tree	tree	bd		0.0849588	0.0764317	0.0935411	0.0842022	0.075752	0.0927845	0			0.0842022			0.728027	0.728027	0.728027
67.tree	tree	bdct		0.0775548	0.0679855	0.0880444	0.0531682	0.0450169	0.0627045	0.657437	0.563059	0.745754	7.90897	6.12118	10.0547	0.728027	0.728027	0.728027
67.tree	tree	real	549	0.07224731695567932			0.05045651464914541			0.685271600171005			7.648435116047646			0.7280267966436753		
68.tree	tree	bd		0.130766	0.122656	0.139348	0.0536279	0.0470494	0.0612569	0			0.0536279			0.648631	0.648631	0.648631
68.tree	tree	bdct		0.129794	0.119732	0.140283	0.0502676	0.0417998	0.0598039	0.0447623	0.0167865	0.083942	5.74665	1.97747	14.7301	0.648631	0.648631	0.648631
68.tree	tree	real	892	0.12904677526510586			0.05261605645767878			0.0399984096518722			6.65192818071506			0.6486311511742284		
69.tree	tree	bd		0.517146	0.486399	0.548601	0.229632	0.203732	0.257282	0			0.229632			0.622076	0.622076	0.622076
69.tree	tree	real	970	0.4575393329700965			0.0676921971787761			0.5372495870612823			23.07067804535595			0.6220763623992362		
69.tree	tree	bdct		0.468643	0.432109	0.506773	0.104473	0.0826463	0.130219	0.548477	0.480453	0.616382	25.2513	20.9869	30.1554	0.622076	0.622076	0.622076
70.tree	tree	bdct		1.63326	1.50175	1.77131	0.50038	0.404795	0.609044	0.540776	0.468954	0.613427	84.0247	69.2139	101.344	0.553073	0.553073	0.553073
70.tree	tree	bd		1.84468	1.73215	1.96177	0.989485	0.885231	1.1	0			0.989485			0.553073	0.553073	0.553073
70.tree	tree	real	897	1.667876614684234			0.30219266544594836			0.505714253862972			78.12672337876512			0.5530729425093184		
71.tree	tree	bd		0.208409	0.190584	0.227478	0.1115	0.0950974	0.128664	0			0.1115			0.689939	0.689939	0.689939
71.tree	tree	real	518	0.21166647057385385			0.07140341356029518			0.1995562903754729			33.43478092275509			0.6899385563327375		
71.tree	tree	bdct		0.198582	0.176972	0.221466	0.0827023	0.0654682	0.102728	0.243649	0.175123	0.321205	32.884	21.5815	49.3823	0.689939	0.689939	0.689939
72.tree	tree	bdct		4.40134	4.14566	4.67099	0.551566	0.396182	0.748868	0.330782	0.268115	0.396789	34.5473	27.0351	44.0266	0.162717	0.162717	0.162717
72.tree	tree	bd		4.68618	4.48772	4.89121	1.64366	1.41346	1.89216	0			1.64366			0.162717	0.162717	0.162717
72.tree	tree	real	852	4.469522972969947			0.49789144344238806			0.3148265898192746			29.82849001584856			0.1627172010472236		
73.tree	tree	bd		5.96927	5.67785	6.26788	1.30957	1.11661	1.52387	0			1.30957			0.453527	0.453527	0.453527
73.tree	tree	bdct		5.9985	5.61341	6.39854	0.945172	0.738635	1.18908	0.122629	0.0804759	0.172324	77.8927	48.4694	127.729	0.453527	0.453527	0.453527
73.tree	tree	real	982	6.11607750819843			0.738205963686737			0.1384951655471127			58.64600533634594			0.4535267591809191		
74.tree	tree	bdct		0.174303	0.15941	0.190513	0.0778111	0.0652093	0.0921151	0.600741	0.528582	0.670923	11.6291	9.63761	13.9359	0.543137	0.543137	0.543137
74.tree	tree	bd		0.203554	0.190103	0.217856	0.144243	0.131373	0.158546	0			0.144243			0.543137	0.543137	0.543137
74.tree	tree	real	903	0.17663842296242863			0.061461244205637776			0.6137229331327326			11.25972118545973			0.5431365618092553		
75.tree	tree	real	833	0.8833279285981976			0.09097766380206233			0.0920552599995886			11.184121314558048			0.5814899471676624		
75.tree	tree	bdct		0.887457	0.821665	0.957014	0.0890032	0.0670024	0.116657	0.0886104	0.0526128	0.133112	17.9423	9.9561	30.6916	0.58149	0.58149	0.58149
75.tree	tree	bd		0.870066	0.819993	0.92152	0.117068	0.0962122	0.141861	0			0.117068			0.58149	0.58149	0.58149
76.tree	tree	bd		2.24597	2.12648	2.37062	1.66923	1.53401	1.81014	0			1.66923			0.0833651	0.0833651	0.0833651
76.tree	tree	real	929	1.2016940304238144			0.18631709242673963			0.7106963726984324			34.104355322656716			0.0833651039560112		
76.tree	tree	bdct		1.31654	1.23496	1.40321	0.459651	0.364696	0.567367	0.696636	0.623843	0.765959	33.7616	28.6189	39.6527	0.0833651	0.0833651	0.0833651
77.tree	tree	bdct		1.02006	0.940448	1.10295	0.174671	0.136002	0.220439	0.380961	0.316972	0.447459	30.0937	23.6487	38.1631	0.70089	0.70089	0.70089
77.tree	tree	bd		1.05764	0.995725	1.12147	0.345091	0.300735	0.392758	0			0.345091			0.70089	0.70089	0.70089
77.tree	tree	real	970	1.0624933133478205			0.11124163125124224			0.32479851445253			31.06139186820077			0.7008896997993621		
78.tree	tree	real	948	0.1086413775379451			0.07128964761371558			0.3549289856671481			6.3173782857453755			0.1645299764727552		
78.tree	tree	bdct		0.10647	0.0982305	0.115053	0.0668497	0.058104	0.0763858	0.357075	0.297795	0.419233	7.12116	5.6462	8.88227	0.16453	0.16453	0.16453
78.tree	tree	bd		0.133065	0.125327	0.140694	0.103696	0.095673	0.112278	0			0.103696			0.16453	0.16453	0.16453
79.tree	tree	bd		0.210776	0.195207	0.226985	0.150777	0.13615	0.166033	0			0.150777			0.64854	0.64854	0.64854
79.tree	tree	real	767	0.16596234941321455			0.05405292342357413			0.7304899164484684			4.400100740398337			0.6485403180822206		
79.tree	tree	bdct		0.18097	0.162692	0.20004	0.0847042	0.0703176	0.100915	0.685244	0.596912	0.768236	4.42847	3.58913	5.41567	0.64854	0.64854	0.64854
80.tree	tree	real	688	0.6859495009805535			0.07030643800295315			0.6860031722740271			19.265841147890303			0.720577294398429		
80.tree	tree	bdct		0.685406	0.619238	0.75593	0.157073	0.116836	0.204749	0.703612	0.614287	0.786971	21.0138	17.0328	25.7782	0.720577	0.720577	0.720577
80.tree	tree	bd		0.766249	0.709453	0.825331	0.382537	0.333354	0.435922	0			0.382537			0.720577	0.720577	0.720577
81.tree	tree	real	530	0.544413615235593			0.1165984695836684			0.2936813998458353			53.98751832841351			0.7121847062713133		
81.tree	tree	bdct		0.53456	0.478286	0.594609	0.14885	0.112465	0.191759	0.36905	0.289041	0.454697	59.7696	43.9538	80.3047	0.712185	0.712185	0.712185
81.tree	tree	bd		0.564051	0.517863	0.61266	0.246197	0.208843	0.288148	0			0.246197			0.712185	0.712185	0.712185
82.tree	tree	bdct		0.320402	0.294825	0.347096	0.10394	0.0854432	0.124919	0.391735	0.329762	0.456482	34.6718	27.8155	42.8063	0.597818	0.597818	0.597818
82.tree	tree	real	926	0.296490288693021			0.09928618807782323			0.3579423723662445			32.61099383974152			0.5978181523813252		
82.tree	tree	bd		0.352803	0.331502	0.375683	0.171089	0.152485	0.191112	0			0.171089			0.597818	0.597818	0.597818
83.tree	tree	bdct		1.79999	1.6735	1.93231	0.193515	0.14689	0.250724	0.0734984	0.0361755	0.121452	17.7689	9.04709	37.3893	0.545662	0.545662	0.545662
83.tree	tree	real	889	1.7144751085423144			0.2350190522768194			0.0722470491671813			18.819451195121648			0.5456624125456078		
83.tree	tree	bd		1.7699	1.67316	1.8689	0.24382	0.202085	0.291492	0			0.24382			0.545662	0.545662	0.545662
84.tree	tree	real	755	0.4128071043748858			0.0707651374167246			0.4833350033999767			1.4987937578276986			0.410185600692556		
84.tree	tree	bd		0.488854	0.460269	0.518403	0.204334	0.178123	0.232939	0			0.204334			0.410186	0.410186	0.410186
84.tree	tree	bdct		0.450826	0.414805	0.488003	0.116494	0.0885226	0.148915	0.333635	0.244362	0.427994	2.75288	2.0078	3.8211	0.410186	0.410186	0.410186
85.tree	tree	bdct		0.22654	0.205395	0.248469	0.0951819	0.076787	0.116161	0.473256	0.35864	0.590539	1.5194	1.122	2.12289	0.639606	0.639606	0.639606
85.tree	tree	bd		0.249362	0.231899	0.267478	0.152662	0.136666	0.169825	0			0.152662			0.639606	0.639606	0.639606
85.tree	tree	real	836	0.22437062081584067			0.06551792030988902			0.6373522899693357			1.0304986534024405			0.6396057904479334		
86.tree	tree	real	789	0.690706825105183			0.12077480661243317			0.6644425571816125			1.2503548129344682			0.3093900908131861		
86.tree	tree	bdct		0.73918	0.685835	0.794452	0.220572	0.169109	0.279686	0.216363	0.132691	0.310491	3.40737	2.28384	5.487	0.30939	0.30939	0.30939
86.tree	tree	bd		0.787623	0.745372	0.831457	0.327522	0.285432	0.37233	0			0.327522			0.30939	0.30939	0.30939
87.tree	tree	bdct		0.357827	0.327162	0.39024	0.112341	0.0862458	0.141902	0.632727	0.549311	0.713785	17.5363	14.357	21.2409	0.352903	0.352903	0.352903
87.tree	tree	bd		0.447965	0.418284	0.478469	0.27141	0.241305	0.303826	0			0.27141			0.352903	0.352903	0.352903
87.tree	tree	real	689	0.35224786048404366			0.06681973046794565			0.6388069925095912			17.67890769580173			0.3529033886239343		
88.tree	tree	real	991	0.5403578953281527			0.47174428442277366			0.5642368863899689			65.04041382516598			0.2347587044663995		
88.tree	tree	bd		0.70679	0.664746	0.750628	0.687434	0.644532	0.732226	0			0.687434			0.234759	0.234759	0.234759
88.tree	tree	bdct		0.558074	0.513465	0.605732	0.485284	0.439882	0.532945	0.480263	0.413664	0.548275	72.6738	59.2462	88.6865	0.234759	0.234759	0.234759
89.tree	tree	real	872	0.6989615056830694			0.08611260041748647			0.1020787130619407			25.529165653044252			0.3700522829071013		
89.tree	tree	bdct		0.734417	0.685714	0.785878	0.0732548	0.0546266	0.0961413	0.152997	0.112358	0.200145	28.2483	19.9184	39.4664	0.370052	0.370052	0.370052
89.tree	tree	bd		0.716821	0.681869	0.753034	0.125234	0.103881	0.149073	0			0.125234			0.370052	0.370052	0.370052
90.tree	tree	bd		0.425221	0.404508	0.446193	0.13798	0.118717	0.158958	0			0.13798			0.333227	0.333227	0.333227
90.tree	tree	real	906	0.41655477734395285			0.056671794501522973			0.262766328693546			11.084620363174633			0.333226808235642		
90.tree	tree	bdct		0.410431	0.383242	0.43903	0.0651827	0.0496384	0.0842549	0.293943	0.238255	0.35393	12.8229	9.75435	16.5713	0.333227	0.333227	0.333227
91.tree	tree	bd		0.493723	0.463891	0.524226	0.25223	0.222789	0.283693	0			0.25223			0.396128	0.396128	0.396128
91.tree	tree	bdct		0.407946	0.373769	0.443217	0.0980839	0.0745714	0.125738	0.63244	0.547209	0.714998	5.75994	4.72232	6.97903	0.396128	0.396128	0.396128
91.tree	tree	real	787	0.40800632313748425			0.05177614865100483			0.6506006572335271			5.325562584830471			0.3961279330710578		
92.tree	tree	bdct		0.597656	0.547546	0.650077	0.148906	0.11424	0.188954	0.486106	0.412051	0.561383	38.2019	30.56	47.384	0.519869	0.519869	0.519869
92.tree	tree	real	754	0.5934543891749792			0.10185177914888106			0.4596744522506681			39.69352201917321			0.5198687261360688		
92.tree	tree	bd		0.661673	0.619091	0.705513	0.319682	0.279847	0.362584	0			0.319682			0.519869	0.519869	0.519869
93.tree	tree	bdct		0.989115	0.891655	1.09201	0.178725	0.12874	0.241656	0.416848	0.336247	0.501132	61.8276	47.3219	79.9136	0.565043	0.565043	0.565043
93.tree	tree	bd		1.05893	0.981958	1.13895	0.371763	0.31021	0.439448	0			0.371763			0.565043	0.565043	0.565043
93.tree	tree	real	543	0.9818519552495808			0.13075103933391383			0.3351737811604057			62.840996126196984			0.5650426715181753		
94.tree	tree	bd		0.998724	0.944161	1.05589	0.527336	0.472852	0.584526	0			0.527336			0.435309	0.435309	0.435309
94.tree	tree	real	980	0.8750963130020342			0.19327045510373211			0.469898298996004			40.607650412235145			0.4353090414172578		
94.tree	tree	bdct		0.880531	0.81783	0.945324	0.256035	0.206224	0.313241	0.477139	0.410974	0.544539	37.7466	30.7453	45.9677	0.435309	0.435309	0.435309
95.tree	tree	bd		0.449047	0.421044	0.478598	0.0701791	0.057208	0.0854368	0			0.0701791			0.566726	0.566726	0.566726
95.tree	tree	real	701	0.4594135826524611			0.06363426402375569			0.0384898303743771			3.9584773892420295			0.5667260420178509		
95.tree	tree	bdct		0.451	0.414965	0.488177	0.06555	0.0499168	0.0846222	0.0241805	0.00151222	0.0622984	8.22794	1.80416	85.0571	0.566726	0.566726	0.566726
96.tree	tree	bdct		0.664324	0.609263	0.722459	0.126112	0.0909245	0.168069	0.150429	0.0940183	0.217631	11.29	6.80998	18.4341	0.420417	0.420417	0.420417
96.tree	tree	bd		0.668643	0.625612	0.712483	0.185988	0.152748	0.223175	0			0.185988			0.420417	0.420417	0.420417
96.tree	tree	real	563	0.6501163433700428			0.1402706922801464			0.1485477049766281			10.5953319213603			0.4204170268027069		
97.tree	tree	real	877	0.22056544969178585			0.06772405564922797			0.5831978304956484			24.623047992841418			0.6078592834337443		
97.tree	tree	bd		0.262013	0.24468	0.280128	0.163355	0.146866	0.180518	0			0.163355			0.607859	0.607859	0.607859
97.tree	tree	bdct		0.2283	0.208766	0.249276	0.0891087	0.0732767	0.107227	0.587422	0.514568	0.65914	25.8572	21.354	31.05	0.607859	0.607859	0.607859
98.tree	tree	real	889	0.8644735116459975			0.08895697058386122			0.1981705212386943			37.1579611608551			0.5844323394242381		
98.tree	tree	bd		0.817038	0.771614	0.86373	0.167258	0.141281	0.195864	0			0.167258			0.584432	0.584432	0.584432
98.tree	tree	bdct		0.834762	0.772067	0.90051	0.0888763	0.0675938	0.115577	0.235078	0.185492	0.289609	50.4646	37.0595	67.1206	0.584432	0.584432	0.584432
99.tree	tree	bdct		1.75875	1.61713	1.90821	1.21833	1.07092	1.37455	0.712041	0.639724	0.780656	341.746	289.558	400.204	0.213395	0.213395	0.213395
99.tree	tree	bd		2.5339	2.38425	2.6899	2.27306	2.11719	2.43482	0			2.27306			0.213395	0.213395	0.213395
99.tree	tree	real	943	1.612193021545491			0.9604369686180539			0.7278052001086555			361.8629222887725			0.2133952929862886		
