	data_type	type	sampled_tips	lambda	lambda_min	lambda_max	psi	psi_min	psi_max	upsilon	upsilon_min	upsilon_max	phi	phi_min	phi_max	p	p_min	p_max
0.tree	tree	bd		2.13995	2.01619	2.26937	1.45613	1.33037	1.5885	0			1.45613			0.415266	0.415266	0.415266
0.tree	tree	bdct		1.6408	1.50788	1.78076	0.680636	0.569133	0.803576	0.709123	0.632255	0.781842	51.959	43.8937	61.2284	0.415266	0.415266	0.415266
0.tree	tree	real	986	1.5473798447926026			0.1864574795775123			0.7139605838155273			45.0574385796454			0.415265854646274		
1.tree	tree	bd		1.86101	1.74113	1.98571	0.962326	0.845915	1.08714	0			0.962326			0.458627	0.458627	0.458627
1.tree	tree	bdct		1.56976	1.43111	1.71544	0.467343	0.36442	0.585544	0.532862	0.450123	0.616801	68.6613	54.7922	85.6798	0.458627	0.458627	0.458627
1.tree	tree	real	714	1.533366252671934			0.17683583892317103			0.4959952555647187			65.12745242439071			0.4586271365234498		
2.tree	tree	real	731	1.6397360166189812			0.18447559490566814			0.1401334985159386			5.473000797902119			0.3247814368296267		
2.tree	tree	bdct		1.61067	1.50063	1.72588	0.227889	0.167622	0.302259	0.120095	0.0684922	0.181104	12.4542	7.44223	21.5707	0.324781	0.324781	0.324781
2.tree	tree	bd		1.61627	1.53346	1.70197	0.325953	0.269467	0.389828	0			0.325953			0.324781	0.324781	0.324781
3.tree	tree	bdct		0.162817	0.153335	0.173306	0.0716273	0.0583847	0.0859314	0.243423	0.192077	0.299576	3.1946	2.4383	4.13523	0.0802811	0.0802811	0.0802811
3.tree	tree	bd		0.19713	0.187171	0.207619	0.122872	0.110494	0.136221	0			0.122872			0.0802811	0.0802811	0.0802811
3.tree	tree	real	921	0.15997325331169676			0.0676392719974195			0.2325624058522064			2.6393210867693973			0.0802811293131258		
4.tree	tree	real	837	1.659548385363034			0.24564427804370834			0.6839898343386409			109.48447396494477			0.2994209792704784		
4.tree	tree	bd		2.67031	2.5113	2.83581	1.87324	1.7096	2.04458	0			1.87324			0.299421	0.299421	0.299421
4.tree	tree	bdct		1.95347	1.79045	2.12575	0.843972	0.701556	1.0012	0.690052	0.611882	0.765117	115.28	96.5149	136.643	0.299421	0.299421	0.299421
5.tree	tree	bdct		0.199521	0.184011	0.21573	0.0680396	0.054946	0.0832974	0.223289	0.170083	0.283211	21.6524	15.8193	29.2963	0.366181	0.366181	0.366181
5.tree	tree	bd		0.214115	0.201627	0.227463	0.100435	0.0880054	0.113785	0			0.100435			0.366181	0.366181	0.366181
5.tree	tree	real	741	0.19180698818299907			0.06145232704455589			0.2084868639691094			25.11715392940538			0.3661814929610302		
6.tree	tree	bd		0.605043	0.56965	0.64126	0.352094	0.317808	0.388321	0			0.352094			0.497748	0.497748	0.497748
6.tree	tree	real	984	0.4993911913898427			0.11826638673503083			0.4610821611136436			9.272411434191454			0.4977484874286819		
6.tree	tree	bdct		0.524299	0.483416	0.567192	0.197277	0.162775	0.235417	0.476651	0.402174	0.552291	10.3369	8.28282	12.856	0.497748	0.497748	0.497748
7.tree	tree	real	815	0.12944595299434158			0.06890050128125863			0.5479187925195058			1.2119599058981323			0.4610992158731861		
7.tree	tree	bdct		0.143351	0.129449	0.157654	0.100221	0.086268	0.115478	0.465001	0.368732	0.562179	1.4772	1.13482	1.92051	0.461099	0.461099	0.461099
7.tree	tree	bd		0.16716	0.155477	0.179556	0.144719	0.13293	0.157115	0			0.144719			0.461099	0.461099	0.461099
8.tree	tree	bdct		0.351772	0.333274	0.370839	0.072714	0.0564663	0.0917861	0.272601	0.222553	0.326588	20.1162	15.7258	25.4003	0.143628	0.143628	0.143628
8.tree	tree	bd		0.391216	0.374449	0.408375	0.158791	0.139067	0.179769	0			0.158791			0.143628	0.143628	0.143628
8.tree	tree	real	953	0.34185642881786177			0.06450409417332968			0.201655142214152			18.82186287978724			0.1436280580971656		
9.tree	tree	bdct		0.597467	0.559023	0.637497	0.099592	0.0726333	0.132014	0.137093	0.0910387	0.191867	15.2812	9.5381	23.4738	0.202946	0.202946	0.202946
9.tree	tree	bd		0.608819	0.579733	0.639318	0.152794	0.124926	0.184261	0			0.152794			0.202946	0.202946	0.202946
9.tree	tree	real	654	0.5953967049246581			0.0820004684925884			0.1377925029225467			13.732348648650206			0.2029460587596062		
10.tree	tree	bd		0.153495	0.141581	0.16589	0.153063	0.141183	0.165459	0			0.153063			0.417586	0.417586	0.417586
10.tree	tree	real	718	0.12503125509740987			0.11971182984255468			0.3360301944588567			55.67929562947698			0.4175863436324146		
10.tree	tree	bdct		0.137165	0.123336	0.151468	0.123644	0.11023	0.137948	0.296544	0.232834	0.366615	64.6376	47.5898	85.9379	0.417586	0.417586	0.417586
11.tree	tree	bd		0.503701	0.475227	0.53325	0.11444	0.0958286	0.135418	0			0.11444			0.473583	0.473583	0.473583
11.tree	tree	real	768	0.5054339765615169			0.061874842980798796			0.1281772614529252			12.640451616998527			0.4735825109123588		
11.tree	tree	bdct		0.504487	0.466136	0.544522	0.0726238	0.0547179	0.0945568	0.179627	0.129107	0.237309	13.2073	9.08273	19.053	0.473583	0.473583	0.473583
12.tree	tree	bdct		1.41043	1.31339	1.51137	0.586056	0.486071	0.695664	0.253662	0.19322	0.319258	20.2923	15.0603	27.167	0.292203	0.292203	0.292203
12.tree	tree	real	928	1.3523381694404373			0.49962629612378845			0.2798627459044872			16.69950360902658			0.2922032743415614		
12.tree	tree	bd		1.57397	1.49102	1.65967	0.873548	0.785782	0.965974	0			0.873548			0.292203	0.292203	0.292203
13.tree	tree	bd		0.231598	0.216285	0.247807	0.118191	0.101711	0.135356	0			0.118191			0.267364	0.267364	0.267364
13.tree	tree	real	565	0.1918942697143012			0.05333042940503585			0.272537533322863			12.338115572804172			0.2673641104959947		
13.tree	tree	bdct		0.20274	0.185403	0.220856	0.0648001	0.0488501	0.0829187	0.331063	0.25735	0.41076	11.73	8.59373	15.8622	0.267364	0.267364	0.267364
14.tree	tree	bdct		0.167896	0.152249	0.184105	0.116881	0.102395	0.132138	0.47866	0.407609	0.550446	18.7056	14.88	23.363	0.58204	0.58204	0.58204
14.tree	tree	bd		0.189128	0.1759	0.203431	0.170751	0.157489	0.185053	0			0.170751			0.58204	0.58204	0.58204
14.tree	tree	real	911	0.1605295575271608			0.09656893960378056			0.5145237718661824			17.961905312644465			0.5820401759768412		
15.tree	tree	bdct		3.59204	3.3904	3.7992	0.735381	0.566129	0.934552	0.0607255	0.026568	0.104754	35.4983	16.999	79.3568	0.213056	0.213056	0.213056
15.tree	tree	bd		3.6117	3.45391	3.77324	0.889998	0.745883	1.05007	0			0.889998			0.213056	0.213056	0.213056
15.tree	tree	real	803	3.531645356994205			0.8511987005287912			0.0687017329073928			28.170695376121472			0.213055953862031		
16.tree	tree	bdct		0.512463	0.481496	0.544872	0.0644208	0.0475746	0.0844466	0.165968	0.123828	0.214023	17.5705	12.5186	24.273	0.234204	0.234204	0.234204
16.tree	tree	real	864	0.5104334433782016			0.05512819348277215			0.1247402058323649			15.794995507972443			0.2342044668904229		
16.tree	tree	bd		0.50887	0.487047	0.531746	0.115488	0.0967045	0.136466	0			0.115488			0.234204	0.234204	0.234204
17.tree	tree	real	857	0.8546038386071181			0.1233753373783627			0.1659058692793123			51.442039969261955			0.5839104619302057		
17.tree	tree	bd		0.869936	0.819871	0.92139	0.234555	0.200799	0.271739	0			0.234555			0.58391	0.58391	0.58391
17.tree	tree	bdct		0.855346	0.790269	0.922999	0.154591	0.121593	0.193685	0.212462	0.162666	0.267066	58.0518	41.4132	79.7528	0.58391	0.58391	0.58391
18.tree	tree	bdct		0.74742	0.689106	0.808409	0.12386	0.095065	0.159142	0.173049	0.125055	0.227964	41.0436	27.5477	60.1155	0.56974	0.56974	0.56974
18.tree	tree	bd		0.755336	0.7104	0.802031	0.183073	0.153913	0.215492	0			0.183073			0.56974	0.56974	0.56974
18.tree	tree	real	769	0.7580418839021584			0.11145727382929554			0.1345560564832879			47.195953472160326			0.5697398381024557		
19.tree	tree	bdct		0.438457	0.3983	0.481353	0.174892	0.144325	0.209218	0.663805	0.58407	0.739974	20.7125	17.1799	24.8185	0.596151	0.596151	0.596151
19.tree	tree	bd		0.526462	0.491055	0.563636	0.331137	0.298897	0.365458	0			0.331137			0.596151	0.596151	0.596151
19.tree	tree	real	837	0.40315949548860663			0.06381852214209267			0.6576091603000799			17.371639163351592			0.5961510056704202		
20.tree	tree	real	930	1.179733067559404			0.1301804176038873			0.32259232028042			14.540722441866768			0.384815336291761		
20.tree	tree	bd		1.2673	1.20361	1.33302	0.443571	0.387385	0.504579	0			0.443571			0.384815	0.384815	0.384815
20.tree	tree	bdct		1.19483	1.11322	1.27961	0.230894	0.179707	0.290962	0.317555	0.254293	0.384867	18.2002	14.0425	23.6258	0.384815	0.384815	0.384815
21.tree	tree	real	538	0.5651894236400936			0.07489159027811268			0.4098274590272154			32.548661298100015			0.1763689201330984		
21.tree	tree	bd		0.754837	0.705513	0.807249	0.444071	0.386091	0.505079	0			0.444071			0.176369	0.176369	0.176369
21.tree	tree	bdct		0.575024	0.528497	0.624587	0.178931	0.133058	0.23328	0.475939	0.389489	0.564988	32.4421	24.7486	42.0043	0.176369	0.176369	0.176369
22.tree	tree	real	657	0.29081692631507444			0.050227429651405385			0.5690333321435582			23.05096157316016			0.195454949651241		
22.tree	tree	bdct		0.331415	0.304311	0.360016	0.0924127	0.0709878	0.117206	0.603483	0.520976	0.6848	22.2339	18.1379	27.0244	0.195455	0.195455	0.195455
22.tree	tree	bd		0.460287	0.433376	0.488884	0.258054	0.22793	0.29047	0			0.258054			0.195455	0.195455	0.195455
23.tree	tree	bdct		0.496551	0.457836	0.536585	0.10827	0.0789383	0.143552	0.240018	0.170638	0.317204	8.5259	5.77446	12.537	0.276534	0.276534	0.276534
23.tree	tree	real	584	0.4899910274245373			0.06614748809370934			0.2049289654879751			6.336601433091171			0.2765340207402434		
23.tree	tree	bd		0.528009	0.497644	0.559463	0.190739	0.15961	0.225065	0			0.190739			0.276534	0.276534	0.276534
24.tree	tree	real	647	0.1555989035475278			0.07946104595868887			0.2110870203337718			15.753451491906105			0.4322504980156023		
24.tree	tree	bd		0.16695	0.154633	0.179345	0.111305	0.0992406	0.124655	0			0.111305			0.43225	0.43225	0.43225
24.tree	tree	bdct		0.152848	0.138613	0.168105	0.0836788	0.0701143	0.0989363	0.241649	0.180293	0.310522	20.1644	14.0393	28.8691	0.43225	0.43225	0.43225
25.tree	tree	real	545	0.7390348693946764			0.16082844952643238			0.0629259112957287			22.74248845003799			0.5653110131180193		
25.tree	tree	bd		0.726441	0.675434	0.779808	0.170733	0.138245	0.20792	0			0.170733			0.565311	0.565311	0.565311
25.tree	tree	bdct		0.727333	0.661367	0.7969	0.142056	0.105139	0.186873	0.0810783	0.0354723	0.142998	14.9369	6.32213	35.9655	0.565311	0.565311	0.565311
26.tree	tree	bdct		0.361645	0.335582	0.389291	0.106136	0.08478	0.129975	0.383525	0.319854	0.45035	21.7337	17.172	27.1612	0.380662	0.380662	0.380662
26.tree	tree	bd		0.405856	0.383715	0.428735	0.199367	0.176895	0.223204	0			0.199367			0.380662	0.380662	0.380662
26.tree	tree	real	884	0.35267082691472285			0.07873923757972953			0.3129198074464255			23.393193238873234			0.3806617744617303		
27.tree	tree	real	630	0.9450491913199306			0.10156931692466482			0.0887928458042786			33.16508522908774			0.2742756374908442		
27.tree	tree	bdct		0.969364	0.90033	1.04273	0.103176	0.0728423	0.142272	0.107146	0.0669664	0.156846	29.8437	17.7784	49.5456	0.274276	0.274276	0.274276
27.tree	tree	bd		0.9505	0.900428	1.0029	0.155582	0.122975	0.193723	0			0.155582			0.274276	0.274276	0.274276
28.tree	tree	real	844	0.5447490268885549			0.14641850387755573			0.1786480444654692			4.9684213533724355			0.4989695227516343		
28.tree	tree	bdct		0.533168	0.492632	0.576061	0.1853	0.150744	0.22344	0.167442	0.107922	0.236551	7.35153	4.56457	12.2344	0.49897	0.49897	0.49897
28.tree	tree	bd		0.554296	0.521876	0.588609	0.239647	0.210749	0.271111	0			0.239647			0.49897	0.49897	0.49897
29.tree	tree	bd		0.287373	0.270594	0.304534	0.127657	0.108856	0.147681	0			0.127657			0.223349	0.223349	0.223349
29.tree	tree	bdct		0.264894	0.245308	0.284916	0.0854451	0.066313	0.107378	0.197688	0.143633	0.260368	35.3688	24.1696	50.6675	0.223349	0.223349	0.223349
29.tree	tree	real	598	0.2557776143501743			0.07810275875567486			0.1715948617952023			35.19109611933632			0.2233493095846735		
30.tree	tree	bd		0.555092	0.519921	0.592265	0.271337	0.231209	0.315194	0			0.271337			0.210809	0.210809	0.210809
30.tree	tree	bdct		0.476927	0.438816	0.516963	0.118185	0.0852264	0.158234	0.377742	0.301014	0.459171	40.877	31.0509	52.8072	0.210809	0.210809	0.210809
30.tree	tree	real	513	0.46411511534929967			0.0909583590444932			0.3021901846806381			38.06724503884345			0.2108089289814738		
31.tree	tree	bd		0.581747	0.539779	0.625591	0.262892	0.228621	0.300076	0			0.262892			0.696249	0.696249	0.696249
31.tree	tree	real	699	0.5233742932627305			0.06103660540277897			0.4915714257587833			26.6499915170656			0.6962486898197504		
31.tree	tree	bdct		0.515199	0.464984	0.568577	0.142322	0.110856	0.178557	0.542577	0.459389	0.626557	29.2168	23.3359	36.2507	0.696249	0.696249	0.696249
32.tree	tree	bdct		0.455014	0.417771	0.494097	0.0709235	0.0523501	0.0938101	0.265941	0.200495	0.338343	9.58812	6.6846	13.8237	0.530033	0.530033	0.530033
32.tree	tree	bd		0.462727	0.434771	0.492278	0.127886	0.107069	0.150771	0			0.127886			0.530033	0.530033	0.530033
32.tree	tree	real	725	0.45421295759709107			0.04947412437495863			0.2130053151839542			8.516267038062182			0.5300334431990478		
33.tree	tree	bdct		3.39608	3.15487	3.65459	1.13308	0.887651	1.41791	0.545262	0.466455	0.624308	164.372	133.482	200.834	0.078264	0.078264	0.078264
33.tree	tree	real	710	2.962552687326259			0.37828307546563766			0.5213051850413195			153.66484938850238			0.0782640284221847		
33.tree	tree	bd		5.55327	5.22997	5.89374	3.79895	3.42991	4.18467	0			3.79895			0.078264	0.078264	0.078264
34.tree	tree	real	722	0.10642805343166056			0.06292985538495308			0.1095427265133142			7.057873833841127			0.5253343598946814		
34.tree	tree	bd		0.119512	0.111179	0.129047	0.0771774	0.0688455	0.0857598	0			0.0771774			0.525334	0.525334	0.525334
34.tree	tree	bdct		0.11521	0.104503	0.126653	0.0666844	0.0569344	0.0781277	0.129033	0.0821583	0.18602	7.91828	4.44481	13.9187	0.525334	0.525334	0.525334
35.tree	tree	real	645	0.13632730974913165			0.06453656085017682			0.682782075922792			13.769482488455244			0.1008096800632682		
35.tree	tree	bdct		0.156699	0.142711	0.171956	0.0995278	0.0833631	0.116692	0.613912	0.52818	0.698368	13.928	11.3057	16.9743	0.10081	0.10081	0.10081
35.tree	tree	bd		0.25171	0.234082	0.269825	0.212584	0.194401	0.231654	0			0.212584			0.10081	0.10081	0.10081
36.tree	tree	bd		0.300573	0.279509	0.323454	0.1983	0.17595	0.222138	0			0.1983			0.352558	0.352558	0.352558
36.tree	tree	real	613	0.23119896620436164			0.06369150949122417			0.5115579986356702			21.563875917007053			0.3525578598175916		
36.tree	tree	bdct		0.23767	0.215482	0.261506	0.0974388	0.0770963	0.120325	0.578545	0.492102	0.664153	18.9926	15.0938	23.6658	0.352558	0.352558	0.352558
37.tree	tree	real	592	0.4044204110504541			0.14296245653961195			0.3319723908432133			39.01839720440534			0.2082299157298943		
37.tree	tree	bd		0.507994	0.474326	0.543262	0.318631	0.280788	0.358673	0			0.318631			0.20823	0.20823	0.20823
37.tree	tree	bdct		0.417728	0.383543	0.453953	0.173022	0.137408	0.21307	0.37455	0.300664	0.452731	40.8138	31.4451	52.1293	0.20823	0.20823	0.20823
38.tree	tree	real	557	0.9676066970923847			0.6610019252985385			0.6274697630981214			168.85181417312043			0.3898328326037435		
38.tree	tree	bd		1.24223	1.13859	1.35177	1.19638	1.0919	1.30687	0			1.19638			0.389833	0.389833	0.389833
38.tree	tree	bdct		1.01288	0.900226	1.13387	0.810215	0.701161	0.928375	0.508855	0.418414	0.601904	172.043	131.012	223.3	0.389833	0.389833	0.389833
39.tree	tree	bdct		0.499079	0.455303	0.544833	0.136614	0.106948	0.170941	0.477066	0.39507	0.559796	13.4381	10.4963	17.2713	0.5054	0.5054	0.5054
39.tree	tree	real	751	0.4755666073925821			0.06667910679671998			0.4136401802503955			12.55520331014665			0.5053995398847511		
39.tree	tree	bd		0.566504	0.530608	0.603676	0.266079	0.233462	0.301356	0			0.266079			0.5054	0.5054	0.5054
40.tree	tree	bdct		0.376542	0.338401	0.416582	0.119686	0.087233	0.157829	0.239117	0.132636	0.363949	2.44771	1.46628	4.52828	0.484274	0.484274	0.484274
40.tree	tree	bd		0.395294	0.36603	0.425799	0.172334	0.144894	0.202846	0			0.172334			0.484274	0.484274	0.484274
40.tree	tree	real	505	0.3632892523895087			0.04850008925772792			0.5363264747702468			1.1129143428127832			0.4842735229520954		
41.tree	tree	bd		0.353406	0.329315	0.379146	0.226481	0.203581	0.250318	0			0.226481			0.697388	0.697388	0.697388
41.tree	tree	bdct		0.334833	0.305492	0.366294	0.176111	0.150802	0.203763	0.259828	0.200961	0.324159	22.7921	16.5525	30.6604	0.697388	0.697388	0.697388
41.tree	tree	real	885	0.32207918322179835			0.1389216115809874			0.2735022433082976			21.02962057974611			0.69738834913555		
42.tree	tree	bd		0.900106	0.834253	0.968709	0.650149	0.584853	0.719722	0			0.650149			0.489005	0.489005	0.489005
42.tree	tree	bdct		0.733865	0.661581	0.811056	0.337001	0.275969	0.404689	0.682016	0.596098	0.763375	66.1128	53.9711	80.3863	0.489005	0.489005	0.489005
42.tree	tree	real	675	0.6644651341861763			0.13200093469832505			0.6896630925678633			60.04169210560642			0.4890053401351609		
43.tree	tree	bdct		1.00753	0.911199	1.10947	0.424073	0.3307	0.529886	0.456055	0.366982	0.547952	39.6922	30.3145	51.236	0.252941	0.252941	0.252941
43.tree	tree	real	524	0.9263027002005284			0.3016762443384143			0.4153833203905161			34.75531292847558			0.2529411997318846		
43.tree	tree	bd		1.27691	1.18596	1.37311	0.814988	0.717214	0.918854	0			0.814988			0.252941	0.252941	0.252941
44.tree	tree	bd		6.84871	6.38562	7.33365	4.61571	4.1245	5.13402	0			4.61571			0.339451	0.339451	0.339451
44.tree	tree	real	660	4.880992467822281			0.6656172554119377			0.6204118891474799			164.28226849036423			0.3394509443472268		
44.tree	tree	bdct		5.1585	4.68065	5.66609	2.01433	1.59456	2.4883	0.681183	0.591379	0.766491	199.257	162.906	241.455	0.339451	0.339451	0.339451
45.tree	tree	bd		0.602988	0.574182	0.633487	0.240747	0.207032	0.276978	0			0.240747			0.188411	0.188411	0.188411
45.tree	tree	bdct		0.558408	0.524659	0.593675	0.143602	0.111293	0.18079	0.204267	0.154796	0.25944	48.783	34.8733	67.8174	0.188411	0.188411	0.188411
45.tree	tree	real	757	0.551942715140458			0.14459680342993414			0.1634963555288154			50.83818531838937			0.1884110273377117		
46.tree	tree	bd		0.620557	0.58849	0.653915	0.0820145	0.0674572	0.0991792	0			0.0820145			0.471027	0.471027	0.471027
46.tree	tree	bdct		0.627127	0.584937	0.670969	0.0666656	0.0507622	0.0857378	0.0659314	0.0370869	0.102418	19.5057	10.5653	34.9502	0.471027	0.471027	0.471027
46.tree	tree	real	904	0.615721373316433			0.07045182374567048			0.0477190885823184			19.456805079623297			0.4710272317668621		
47.tree	tree	real	927	0.6448444350968333			0.0703542934223755			0.3030257946322969			9.121317274160349			0.0733760252585761		
47.tree	tree	bd		0.851762	0.813544	0.892735	0.436741	0.38738	0.48917	0			0.436741			0.073376	0.073376	0.073376
47.tree	tree	bdct		0.683903	0.650558	0.718212	0.162078	0.124325	0.206893	0.325508	0.267019	0.387425	11.8756	9.32513	15.1426	0.073376	0.073376	0.073376
48.tree	tree	bd		1.89412	1.76841	2.02548	0.929877	0.794718	1.07565	0			0.929877			0.302349	0.302349	0.302349
48.tree	tree	bdct		1.74408	1.58663	1.91068	0.648956	0.484436	0.839567	0.224651	0.124612	0.338985	9.80226	6.16567	16.7703	0.302349	0.302349	0.302349
48.tree	tree	real	532	1.5490933878720703			0.28779719940107196			0.5263168611421544			3.6480630497479294			0.3023491398101878		
49.tree	tree	bd		0.280804	0.261677	0.300826	0.235887	0.215702	0.256863	0			0.235887			0.432879	0.432879	0.432879
49.tree	tree	bdct		0.223566	0.202701	0.245496	0.134508	0.115212	0.155486	0.649272	0.57065	0.725309	32.1433	26.5482	38.6231	0.432879	0.432879	0.432879
49.tree	tree	real	808	0.2144718299841724			0.08824242275054829			0.6648426320801538			30.87891298257811			0.4328789997654355		
50.tree	tree	bdct		0.518944	0.473421	0.566603	0.132625	0.0945775	0.179349	0.427444	0.331437	0.526971	5.59235	4.16858	7.4466	0.23218	0.23218	0.23218
50.tree	tree	bd		0.617561	0.576618	0.66045	0.301976	0.258476	0.348692	0			0.301976			0.23218	0.23218	0.23218
50.tree	tree	real	505	0.4909069957869419			0.05755687130080371			0.4210369521786475			4.800302838713294			0.232180018322735		
51.tree	tree	real	540	0.3254512312974094			0.08883305849216083			0.5648996535478574			0.9906039723389783			0.3439939484371598		
51.tree	tree	bd		0.38937	0.361304	0.418923	0.228742	0.198495	0.26116	0			0.228742			0.343994	0.343994	0.343994
51.tree	tree	bdct		0.357071	0.322298	0.394251	0.166065	0.128022	0.208973	0.237468	0.131721	0.357358	2.03108	1.26683	3.52213	0.343994	0.343994	0.343994
52.tree	tree	bdct		2.20353	2.00457	2.41478	0.778026	0.64144	0.931449	0.676363	0.596441	0.752848	118.152	98.2541	141.448	0.747368	0.747368	0.747368
52.tree	tree	bd		2.54543	2.3746	2.72331	1.40872	1.26437	1.56299	0			1.40872			0.747368	0.747368	0.747368
52.tree	tree	real	894	2.036097261526049			0.24069739931999737			0.6498661034688689			112.65337228357558			0.747367554743992		
53.tree	tree	real	574	0.41182678044549254			0.08019776356659244			0.3991048829245115			13.567984407292485			0.3978052384448963		
53.tree	tree	bdct		0.445152	0.403513	0.489002	0.152278	0.116823	0.19328	0.424234	0.337233	0.514198	13.2666	9.92993	17.6893	0.397805	0.397805	0.397805
53.tree	tree	bd		0.512097	0.47616	0.550224	0.280375	0.243817	0.319465	0			0.280375			0.397805	0.397805	0.397805
54.tree	tree	bd		0.159185	0.147445	0.171581	0.111093	0.0999115	0.123489	0			0.111093			0.655005	0.655005	0.655005
54.tree	tree	real	768	0.1478400156572179			0.08727830624783016			0.1477964422052514			29.975592831226525			0.6550053374405593		
54.tree	tree	bdct		0.152577	0.138367	0.167834	0.0941348	0.0810377	0.108439	0.165902	0.118594	0.221292	30.7452	20.7004	44.5242	0.655005	0.655005	0.655005
55.tree	tree	bd		3.49228	3.25958	3.73651	2.28942	2.03857	2.55489	0			2.28942			0.281693	0.281693	0.281693
55.tree	tree	real	621	2.5340945466353624			0.3036117633102544			0.6702135394956903			134.3358684410918			0.2816925555579785		
55.tree	tree	bdct		2.56591	2.33171	2.81323	0.919462	0.717652	1.14909	0.6805	0.591451	0.764743	150.298	122.406	183.123	0.281693	0.281693	0.281693
56.tree	tree	real	718	0.30037644868316804			0.17725044173430216			0.6508531623386031			56.194501693342175			0.1021467321582291		
56.tree	tree	bd		0.555627	0.51988	0.5928	0.474591	0.435742	0.514626	0			0.474591			0.102147	0.102147	0.102147
56.tree	tree	bdct		0.336665	0.307818	0.367172	0.209685	0.177078	0.244963	0.602039	0.522081	0.680543	55.435	45.6239	66.7642	0.102147	0.102147	0.102147
57.tree	tree	real	904	2.0606355777520955			0.29767977213078695			0.274598224585098			133.96849567164108			0.3160400458460627		
57.tree	tree	bd		2.18599	2.07823	2.29732	0.886982	0.7771	1.00418	0			0.886982			0.31604	0.31604	0.31604
57.tree	tree	bdct		1.98356	1.85481	2.11681	0.443183	0.349047	0.552807	0.330334	0.273558	0.390499	156.182	124.191	194.756	0.31604	0.31604	0.31604
58.tree	tree	bd		0.22984	0.219113	0.241281	0.135091	0.121472	0.149394	0			0.135091			0.0831338	0.0831338	0.0831338
58.tree	tree	real	992	0.18266455201969226			0.05865757724962419			0.2381307191612027			19.481710870893387			0.08313379759055		
58.tree	tree	bdct		0.188037	0.177808	0.198525	0.0709032	0.0583425	0.0852073	0.265323	0.217129	0.317697	20.4982	16.1414	25.6492	0.0831338	0.0831338	0.0831338
59.tree	tree	bdct		0.687784	0.62541	0.754495	0.309932	0.259851	0.365228	0.63036	0.555258	0.703277	87.3272	72.4739	104.457	0.663728	0.663728	0.663728
59.tree	tree	bd		0.787233	0.732719	0.844409	0.548625	0.497285	0.602955	0			0.548625			0.663728	0.663728	0.663728
59.tree	tree	real	859	0.6014651983024013			0.17283450320894891			0.6075011561896415			86.30017457966372			0.6637278314789389		
60.tree	tree	real	834	0.6819724280537053			0.07310050623477214			0.3331912939016887			23.134185122843725			0.2241791578738481		
60.tree	tree	bd		0.770821	0.733232	0.809892	0.325573	0.285002	0.369428	0			0.325573			0.224179	0.224179	0.224179
60.tree	tree	bdct		0.674347	0.630948	0.71914	0.142123	0.109598	0.181218	0.372086	0.308134	0.439538	25.6449	20.2489	32.324	0.224179	0.224179	0.224179
61.tree	tree	bd		0.360241	0.339893	0.381214	0.171819	0.153136	0.191843	0			0.171819			0.466621	0.466621	0.466621
61.tree	tree	bdct		0.316317	0.292299	0.341105	0.0976814	0.0795536	0.117707	0.418532	0.354771	0.484401	27.369	22.199	33.5358	0.466621	0.466621	0.466621
61.tree	tree	real	957	0.3281364985963289			0.05970249729493082			0.3761136753885498			27.935565910907567			0.466621338925674		
62.tree	tree	bdct		0.160091	0.145176	0.176301	0.068196	0.0545468	0.0834537	0.437389	0.35965	0.518704	27.7669	21.5431	35.4387	0.414384	0.414384	0.414384
62.tree	tree	bd		0.18904	0.175818	0.203342	0.116586	0.103041	0.13089	0			0.116586			0.414384	0.414384	0.414384
62.tree	tree	real	629	0.15043829688297683			0.04798940309359042			0.4494421338227009			23.361971008347055			0.4143840123496785		
63.tree	tree	bdct		0.486829	0.446976	0.527817	0.154553	0.116764	0.199368	0.253266	0.181046	0.333481	10.1297	6.96259	14.3932	0.247203	0.247203	0.247203
63.tree	tree	real	532	0.4795175052691416			0.1111149373625416			0.2064369521928072			9.258693556342575			0.247203341755786		
63.tree	tree	bd		0.532874	0.499113	0.568142	0.256537	0.218606	0.297535	0			0.256537			0.247203	0.247203	0.247203
64.tree	tree	bd		0.319548	0.300883	0.339569	0.211272	0.189095	0.235108	0			0.211272			0.146647	0.146647	0.146647
64.tree	tree	bdct		0.257078	0.238573	0.2771	0.115742	0.0933317	0.140535	0.353035	0.282704	0.427588	6.04477	4.62605	7.84406	0.146647	0.146647	0.146647
64.tree	tree	real	720	0.24156144288540388			0.08457186516360042			0.3870929984919876			5.534370950851672			0.1466474467868597		
65.tree	tree	real	645	2.40229624489337			0.2559994877975601			0.6071109722214432			120.00591753115013			0.4518795376391828		
65.tree	tree	bdct		2.57337	2.32655	2.834	0.686182	0.528269	0.871068	0.643537	0.554925	0.729172	130.48	105.969	159.809	0.45188	0.45188	0.45188
65.tree	tree	bd		3.16519	2.95584	3.38289	1.53109	1.3346	1.74248	0			1.53109			0.45188	0.45188	0.45188
66.tree	tree	bdct		0.675722	0.624986	0.729092	0.134387	0.104166	0.170622	0.341735	0.276325	0.411162	17.2302	13.4939	21.7787	0.437747	0.437747	0.437747
66.tree	tree	real	835	0.6666321081337511			0.07240170389782884			0.3360524327404343			15.39647167521513			0.4377472544168694		
66.tree	tree	bd		0.733263	0.692502	0.775194	0.254012	0.220409	0.290242	0			0.254012			0.437747	0.437747	0.437747
67.tree	tree	bd		0.659944	0.621334	0.699972	0.133151	0.108373	0.161758	0			0.133151			0.405635	0.405635	0.405635
67.tree	tree	bdct		0.65883	0.609364	0.710295	0.113965	0.0857235	0.148293	0.0577471	0.0279718	0.0973144	42.5943	19.5169	101.821	0.405635	0.405635	0.405635
67.tree	tree	real	644	0.6465396787623291			0.10770839585541368			0.0424435398336158			42.806431852185405			0.4056350392625754		
68.tree	tree	bd		0.642228	0.610918	0.674632	0.143724	0.115848	0.176144	0			0.143724			0.198082	0.198082	0.198082
68.tree	tree	bdct		0.636605	0.595639	0.679493	0.10314	0.0752108	0.137468	0.0973335	0.0585526	0.145817	28.9591	16.708	49.2403	0.198082	0.198082	0.198082
68.tree	tree	real	621	0.6152675815099646			0.08704211195956102			0.1035312144045827			22.477656778538616			0.198082413167892		
69.tree	tree	bd		0.843233	0.786481	0.903264	0.697048	0.634512	0.762806	0			0.697048			0.0509863	0.0509863	0.0509863
69.tree	tree	real	629	0.32124370192738183			0.08082177442355543			0.7419834518928071			22.248904602272653			0.0509863426632791		
69.tree	tree	bdct		0.408806	0.375353	0.445984	0.182269	0.142616	0.227083	0.702312	0.615895	0.783711	21.9992	18.1296	26.4646	0.0509863	0.0509863	0.0509863
70.tree	tree	bdct		0.295097	0.270972	0.320839	0.0720511	0.0548434	0.0920768	0.232378	0.169745	0.302094	12.5713	8.66838	17.9216	0.408509	0.408509	0.408509
70.tree	tree	bd		0.308296	0.28909	0.328317	0.111799	0.0944864	0.13087	0			0.111799			0.408509	0.408509	0.408509
70.tree	tree	real	632	0.28676110959344314			0.054726631958437376			0.2228113529547801			10.295026839499618			0.4085088922055481		
71.tree	tree	bd		0.492617	0.460931	0.52598	0.253903	0.224266	0.285367	0			0.253903			0.524266	0.524266	0.524266
71.tree	tree	real	775	0.4137219131695245			0.05724527777271603			0.5161021923740406			24.603969360103388			0.5242659827875857		
71.tree	tree	bdct		0.414119	0.377003	0.453204	0.129357	0.103284	0.15987	0.575652	0.495826	0.655217	22.5846	18.324	27.6135	0.524266	0.524266	0.524266
72.tree	tree	bdct		0.378426	0.3541	0.405119	0.139503	0.108664	0.174784	0.488235	0.415763	0.562201	39.9354	32.5001	48.6547	0.0565861	0.0565861	0.0565861
72.tree	tree	bd		0.594576	0.558637	0.632701	0.428328	0.386596	0.472178	0			0.428328			0.0565861	0.0565861	0.0565861
72.tree	tree	real	724	0.35607802320483345			0.09996214163995541			0.4351178246513801			41.9828241890962			0.0565860532610415		
73.tree	tree	bd		0.774884	0.731806	0.819672	0.166044	0.138322	0.19751	0			0.166044			0.465993	0.465993	0.465993
73.tree	tree	bdct		0.772649	0.713118	0.83459	0.0913238	0.0673315	0.120885	0.240795	0.182478	0.305298	17.0843	12.0028	23.7198	0.465993	0.465993	0.465993
73.tree	tree	real	771	0.7462908481175122			0.07632079666698915			0.1769900026844786			12.801996731494553			0.4659930958875933		
74.tree	tree	bdct		1.46836	1.3573	1.59025	0.724497	0.592374	0.871256	0.580062	0.50189	0.65798	100.5	82.4802	121.646	0.0654518	0.0654518	0.0654518
74.tree	tree	bd		2.61212	2.4553	2.77668	2.12386	1.94868	2.30657	0			2.12386			0.0654518	0.0654518	0.0654518
74.tree	tree	real	770	1.192931676213525			0.2756015131553536			0.587508707153161			94.89523097179139			0.0654518146914827		
75.tree	tree	real	531	0.42896186279312787			0.27997333342126823			0.7350459643728297			118.14654401852752			0.4301410138004491		
75.tree	tree	bdct		0.467929	0.414123	0.526076	0.348159	0.297984	0.403453	0.635514	0.538077	0.729483	104.286	81.273	131.951	0.430141	0.430141	0.430141
75.tree	tree	bd		0.577212	0.527131	0.630587	0.549858	0.500011	0.603235	0			0.549858			0.430141	0.430141	0.430141
76.tree	tree	bd		1.82888	1.7307	1.93073	1.1475	1.04002	1.2599	0			1.1475			0.19225	0.19225	0.19225
76.tree	tree	real	878	1.1883588836934635			0.16414882927000274			0.5039535342432658			37.36055043557853			0.1922501913681382		
76.tree	tree	bdct		1.32184	1.22768	1.41994	0.432719	0.347556	0.528998	0.576594	0.50283	0.650194	44.2158	36.7122	52.989	0.19225	0.19225	0.19225
77.tree	tree	bdct		0.271185	0.249022	0.294067	0.0664037	0.0505638	0.0854759	0.110326	0.0672302	0.164193	22.3459	12.971	37.1979	0.378993	0.378993	0.378993
77.tree	tree	bd		0.27773	0.259894	0.295845	0.0843554	0.0693775	0.100566	0			0.0843554			0.378993	0.378993	0.378993
77.tree	tree	real	560	0.26420212170247687			0.0745939045667938			0.0797192082169857			28.077600065315057			0.3789932888519881		
78.tree	tree	real	883	1.157686337899322			0.1354995594850839			0.6600321636818433			43.57399282748728			0.5430437291420749		
78.tree	tree	bdct		1.2682	1.16054	1.38059	0.354381	0.28191	0.437321	0.66012	0.579539	0.738452	46.4161	38.7664	55.2927	0.543044	0.543044	0.543044
78.tree	tree	bd		1.51707	1.42601	1.61134	0.743164	0.658366	0.833695	0			0.743164			0.543044	0.543044	0.543044
79.tree	tree	bd		0.386766	0.359642	0.415365	0.266186	0.236145	0.297649	0			0.266186			0.162905	0.162905	0.162905
79.tree	tree	real	541	0.28406962322199386			0.12088859482695716			0.3968896481331644			14.425602864199492			0.1629051903240591		
79.tree	tree	bdct		0.298523	0.272374	0.327125	0.143631	0.114102	0.177005	0.401535	0.320757	0.486863	16.0738	12.139	20.8951	0.162905	0.162905	0.162905
80.tree	tree	real	899	1.10484942066311			0.12071492670777124			0.7417587692997659			12.547713785676617			0.7367176512950252		
80.tree	tree	bdct		1.13311	1.02974	1.24266	0.45721	0.377908	0.545861	0.661169	0.568192	0.749847	14.5096	11.8167	17.8408	0.736718	0.736718	0.736718
80.tree	tree	bd		1.27491	1.18845	1.36539	0.808605	0.72816	0.894366	0			0.808605			0.736718	0.736718	0.736718
81.tree	tree	real	530	0.5544400537826031			0.057833193786900994			0.1247670347704059			6.255416247782847			0.419851900513628		
81.tree	tree	bdct		0.569816	0.520378	0.622238	0.0672125	0.0465211	0.0939136	0.123929	0.0697105	0.192372	9.4668	4.92051	18.1168	0.419852	0.419852	0.419852
81.tree	tree	bd		0.567261	0.530211	0.605386	0.0949264	0.07438	0.118766	0			0.0949264			0.419852	0.419852	0.419852
82.tree	tree	bdct		0.431573	0.394571	0.469704	0.0723163	0.0550444	0.0932956	0.205291	0.140336	0.279019	5.45757	3.60119	8.47688	0.733104	0.733104	0.733104
82.tree	tree	real	794	0.42940855942543993			0.06261716430850649			0.2100642701183348			3.8691169788313475			0.7331036158714699		
82.tree	tree	bd		0.434361	0.406429	0.462958	0.105872	0.0886664	0.124943	0			0.105872			0.733104	0.733104	0.733104
83.tree	tree	bdct		0.222876	0.206409	0.240038	0.0941489	0.0788666	0.111313	0.605446	0.53686	0.67326	17.7941	14.9276	21.0936	0.228281	0.228281	0.228281
83.tree	tree	real	1000	0.2048936628947067			0.050394865064134785			0.5916264291754812			15.723153935054198			0.2282808217027876		
83.tree	tree	bd		0.313511	0.29642	0.330671	0.218772	0.200908	0.237841	0			0.218772			0.228281	0.228281	0.228281
84.tree	tree	real	979	0.3970176408197474			0.07896136956517295			0.0333851866685375			30.91840277827894			0.6418456786455302		
84.tree	tree	bd		0.394105	0.371839	0.416984	0.0869337	0.0741779	0.101238	0			0.0869337			0.641846	0.641846	0.641846
84.tree	tree	bdct		0.394292	0.366639	0.422891	0.079737	0.0643587	0.0969018	0.0391095	0.0183331	0.0700757	43.6426	14.3635	105.797	0.641846	0.641846	0.641846
85.tree	tree	bdct		0.791338	0.731136	0.85423	0.269853	0.218393	0.327058	0.267256	0.20775	0.332373	46.3118	33.9978	62.1782	0.379968	0.379968	0.379968
85.tree	tree	bd		0.866179	0.815485	0.918586	0.413171	0.363259	0.466554	0			0.413171			0.379968	0.379968	0.379968
85.tree	tree	real	767	0.7855189163455176			0.21463581635140222			0.2421479625073573			49.417023102769775			0.3799675441364753		
86.tree	tree	real	721	0.6327285444529046			0.09556113816351813			0.5868957532574374			47.14181195586826			0.3358717291919067		
86.tree	tree	bdct		0.672508	0.613489	0.734455	0.253238	0.202002	0.310444	0.645506	0.562296	0.726513	53.1373	43.5789	64.3744	0.335872	0.335872	0.335872
86.tree	tree	bd		0.891163	0.833789	0.951191	0.570769	0.511232	0.633675	0			0.570769			0.335872	0.335872	0.335872
87.tree	tree	bdct		0.625645	0.585384	0.66758	0.144882	0.115094	0.179209	0.433695	0.371013	0.497847	36.6593	30.037	44.4576	0.252567	0.252567	0.252567
87.tree	tree	bd		0.739469	0.704132	0.776634	0.339212	0.300899	0.380206	0			0.339212			0.252567	0.252567	0.252567
87.tree	tree	real	940	0.6156979616590863			0.09177610723275907			0.3633025658323492			33.40395040028784			0.2525673504514669		
88.tree	tree	real	961	0.16466982407281466			0.05025162877447328			0.7006473336150947			6.989874776826082			0.4053847593465666		
88.tree	tree	bd		0.237894	0.223088	0.253149	0.178625	0.16336	0.194835	0			0.178625			0.405385	0.405385	0.405385
88.tree	tree	bdct		0.183044	0.168111	0.199253	0.0879761	0.0737066	0.103234	0.696029	0.620581	0.767272	7.44789	6.26522	8.81971	0.405385	0.405385	0.405385
89.tree	tree	real	662	0.7816328816004471			0.1518797079662332			0.2895584673463913			25.812093783468207			0.648900524391817		
89.tree	tree	bdct		0.819512	0.742776	0.899555	0.215832	0.16632	0.273994	0.30692	0.235586	0.384757	32.3285	23.3794	44.6323	0.648901	0.648901	0.648901
89.tree	tree	bd		0.875169	0.813704	0.93901	0.340456	0.291394	0.393843	0			0.340456			0.648901	0.648901	0.648901
90.tree	tree	bd		0.203106	0.187316	0.219315	0.141332	0.125435	0.158495	0			0.141332			0.437991	0.437991	0.437991
90.tree	tree	real	590	0.16509457472643652			0.05696712461112805			0.5157779388945019			13.066542763424472			0.4379905753425844		
90.tree	tree	bdct		0.166233	0.149451	0.18435	0.0782073	0.0625246	0.0953721	0.547094	0.458939	0.635552	12.4094	9.78595	15.5227	0.437991	0.437991	0.437991
91.tree	tree	bd		1.16321	1.10475	1.22417	0.573564	0.510381	0.641236	0			0.573564			0.238239	0.238239	0.238239
91.tree	tree	bdct		0.949911	0.884117	1.01756	0.233577	0.181792	0.293644	0.497472	0.422657	0.573048	15.9691	13.0774	19.413	0.238239	0.238239	0.238239
91.tree	tree	real	870	0.9004231075396728			0.10134052199835829			0.4830523112222533			13.849320600834794			0.238239424645619		
92.tree	tree	bdct		0.561109	0.509693	0.615438	0.193683	0.156049	0.235636	0.701695	0.615353	0.783845	16.7993	13.8619	20.314	0.576049	0.576049	0.576049
92.tree	tree	real	813	0.5401545135339016			0.05709324610142678			0.733839212065435			15.162980834603204			0.5760490323785673		
92.tree	tree	bd		0.66943	0.625042	0.715176	0.397879	0.355245	0.443637	0			0.397879			0.576049	0.576049	0.576049
93.tree	tree	bdct		0.675336	0.623971	0.728706	0.177892	0.143343	0.216985	0.591895	0.520221	0.662835	27.6809	23.2377	32.7741	0.430109	0.430109	0.430109
93.tree	tree	bd		0.817551	0.773693	0.862337	0.391575	0.350382	0.435427	0			0.391575			0.430109	0.430109	0.430109
93.tree	tree	real	994	0.612687552367726			0.06486701275485504			0.5613097685426345			25.904849612976175			0.4301089941932318		
94.tree	tree	bd		0.612431	0.573023	0.653414	0.226115	0.192699	0.262346	0			0.226115			0.466723	0.466723	0.466723
94.tree	tree	real	645	0.5654953155807383			0.06454087623943675			0.3302296012592991			23.231294280037222			0.4667233163685045		
94.tree	tree	bdct		0.558276	0.509297	0.609746	0.118202	0.0889017	0.153484	0.391302	0.314876	0.472145	26.015	19.6385	34.5455	0.466723	0.466723	0.466723
95.tree	tree	bd		0.345004	0.318128	0.373604	0.293783	0.266907	0.322385	0			0.293783			0.422268	0.422268	0.422268
95.tree	tree	real	624	0.26317134471098635			0.11335972540091548			0.652961436725651			13.256843778987262			0.4222680896838417		
95.tree	tree	bdct		0.274849	0.245966	0.306312	0.169159	0.142227	0.198718	0.61667	0.525133	0.705015	13.3363	10.6324	16.6563	0.422268	0.422268	0.422268
96.tree	tree	bdct		0.494889	0.454375	0.537783	0.22039	0.18611	0.258529	0.623202	0.551997	0.693116	37.5069	31.2322	44.7781	0.514621	0.514621	0.514621
96.tree	tree	bd		0.601597	0.564646	0.639721	0.415589	0.379151	0.45372	0			0.415589			0.514621	0.514621	0.514621
96.tree	tree	real	977	0.47227042786930806			0.12533851833351034			0.6473906595195426			35.65304977573			0.5146211524493951		
97.tree	tree	real	708	0.20065384362694683			0.07420640224869486			0.4215844499780033			18.043625145827495			0.2516773517617959		
97.tree	tree	bd		0.255506	0.239599	0.272668	0.170981	0.153054	0.190052	0			0.170981			0.251677	0.251677	0.251677
97.tree	tree	bdct		0.203855	0.187214	0.221971	0.0901043	0.0727012	0.109176	0.444471	0.370682	0.520965	16.1146	12.8769	19.9636	0.251677	0.251677	0.251677
98.tree	tree	real	599	0.7978958204466577			0.09743367971320278			0.0330749104496341			4.903424581276366			0.6804212947816297		
98.tree	tree	bd		0.785855	0.729904	0.843984	0.113518	0.0906628	0.140218	0			0.113518			0.680421	0.680421	0.680421
98.tree	tree	bdct		0.78719	0.717323	0.860565	0.109586	0.080743	0.144868	0.0139094	1e-06	0.0639843	7.30176	0.001	500000.0	0.680421	0.680421	0.680421
99.tree	tree	bdct		0.943526	0.873573	1.01594	0.226171	0.167239	0.296727	0.400491	0.318359	0.485382	12.4726	9.52294	16.2518	0.208533	0.208533	0.208533
99.tree	tree	bd		1.11577	1.05318	1.1815	0.52624	0.456481	0.60154	0			0.52624			0.208533	0.208533	0.208533
99.tree	tree	real	650	0.8659781395463781			0.09175916312859317			0.4039211780720423			10.318768136307378			0.208532910174342		
