	data_type	type	sampled_tips	lambda	lambda_min	lambda_max	psi	psi_min	psi_max	upsilon	upsilon_min	upsilon_max	phi	phi_min	phi_max	p	p_min	p_max
0.tree	tree	bd		0.57448	0.552639	0.597355	0.166255	0.136561	0.199628	0			0.166255			0.0820059	0.0820059	0.0820059
0.tree	tree	bdct		0.582975	0.550011	0.619193	0.0476507	0.0316145	0.0695841	0.230335	0.17905	0.286707	15.6187	11.7962	20.3143	0.0820059	0.0820059	0.0820059
0.tree	tree	real	729	0.5681746121284681			0.061365677983347966			0.2313844093702582			13.13361878260166			0.082005859894991		
1.tree	tree	bd		0.267794	0.25112	0.284956	0.126929	0.110204	0.145046	0			0.126929			0.341362	0.341362	0.341362
1.tree	tree	bdct		0.240829	0.221156	0.260852	0.0517463	0.0374739	0.0689116	0.442368	0.368928	0.518062	16.6742	12.9826	20.9795	0.341362	0.341362	0.341362
1.tree	tree	real	659	0.23720448113204376			0.05518155918299009			0.4788185521024252			14.554126476129923			0.3413621869751534		
2.tree	tree	real	593	0.7749808565377819			0.198327895815674			0.2162403393577566			61.18904256552661			0.6290055886002177		
2.tree	tree	bdct		0.788184	0.715923	0.864417	0.183348	0.139186	0.235791	0.188314	0.13388	0.251727	75.9631	49.0908	112.018	0.629006	0.629006	0.629006
2.tree	tree	bd		0.790788	0.733714	0.849869	0.270179	0.227069	0.31785	0			0.270179			0.629006	0.629006	0.629006
3.tree	tree	bdct		0.925929	0.847346	1.00787	0.244758	0.182866	0.317219	0.386454	0.310975	0.465544	51.4656	38.7762	67.0097	0.356812	0.356812	0.356812
3.tree	tree	bd		1.03274	0.96473	1.10324	0.504845	0.436944	0.578241	0			0.504845			0.356812	0.356812	0.356812
3.tree	tree	real	592	0.9097016980087776			0.2744588032625925			0.4502765873130923			53.33996167623351			0.356812441281789		
4.tree	tree	real	798	0.17893611504957896			0.051865752996402024			0.5309462341117653			14.978351330957613			0.4996094081044821		
4.tree	tree	bd		0.204741	0.191211	0.21809	0.106593	0.0942186	0.119943	0			0.106593			0.499609	0.499609	0.499609
4.tree	tree	bdct		0.184742	0.16967	0.200952	0.050168	0.0394125	0.0625652	0.484185	0.414205	0.55521	13.8982	11.2925	16.9901	0.499609	0.499609	0.499609
5.tree	tree	bdct		0.51373	0.475676	0.55567	0.0420737	0.0253875	0.0659146	0.600334	0.517085	0.681516	5.2402	4.20541	6.46115	0.109003	0.109003	0.109003
5.tree	tree	bd		0.62027	0.583985	0.658393	0.327885	0.282556	0.376507	0			0.327885			0.109003	0.109003	0.109003
5.tree	tree	real	586	0.49750100061768926			0.05335703609438352			0.7133395644223949			5.091912381440227			0.1090028642023568		
6.tree	tree	bd		0.243825	0.233391	0.255266	0.110186	0.0956847	0.125443	0			0.110186			0.0800527	0.0800527	0.0800527
6.tree	tree	real	868	0.21732549863295897			0.05002109802085219			0.2958475019698866			7.696179108653602			0.0800527263791593		
6.tree	tree	bdct		0.217314	0.207174	0.227802	0.0453807	0.0335921	0.0596851	0.258808	0.208765	0.313818	7.66361	5.95187	9.75999	0.0800527	0.0800527	0.0800527
7.tree	tree	real	695	4.145010375346803			0.5945991229103817			0.3465891660012909			117.22910100337562			0.6918901612949524		
7.tree	tree	bdct		4.23962	3.86347	4.63372	0.561011	0.40843	0.753545	0.298152	0.232932	0.368748	130.597	94.3691	177.464	0.69189	0.69189	0.69189
7.tree	tree	bd		4.12533	3.84893	4.4112	1.16807	0.98116	1.37669	0			1.16807			0.69189	0.69189	0.69189
8.tree	tree	bdct		1.19052	1.09294	1.29244	0.168077	0.12696	0.218613	0.572586	0.502691	0.641874	35.834	29.5604	43.041	0.708136	0.708136	0.708136
8.tree	tree	bd		1.23985	1.16363	1.31891	0.478167	0.419453	0.542033	0			0.478167			0.708136	0.708136	0.708136
8.tree	tree	real	910	1.2401303143390097			0.17875596586150247			0.58018833536244			32.94692185646167			0.7081355692858959		
9.tree	tree	bdct		1.12995	1.04727	1.21569	0.211017	0.166716	0.262504	0.157307	0.114293	0.207506	55.2153	36.3129	81.9208	0.607558	0.607558	0.607558
9.tree	tree	bd		1.12917	1.06527	1.19489	0.300079	0.257437	0.346795	0			0.300079			0.607558	0.607558	0.607558
9.tree	tree	real	912	1.086261955091591			0.21784929751539928			0.1674302152796227			58.38808032097141			0.6075579650358658		
10.tree	tree	bd		1.36855	1.27841	1.46189	0.433272	0.367418	0.505719	0			0.433272			0.61321	0.61321	0.61321
10.tree	tree	real	688	1.3799117482048662			0.1394486111275333			0.590563196634993			24.67585403126275			0.6132103371497112		
10.tree	tree	bdct		1.37086	1.24578	1.50324	0.123683	0.0853443	0.174221	0.535499	0.456011	0.615335	25.763	20.6692	31.9094	0.61321	0.61321	0.61321
11.tree	tree	bd		0.81097	0.763511	0.860521	0.357681	0.317276	0.400581	0			0.357681			0.621841	0.621841	0.621841
11.tree	tree	real	972	0.7706968528652138			0.14553437715264142			0.6153389294302848			18.597752315846275			0.6218410875631225		
11.tree	tree	bdct		0.760718	0.701365	0.82266	0.130331	0.100019	0.166566	0.581522	0.513375	0.648544	21.0721	17.6563	25.0384	0.621841	0.621841	0.621841
12.tree	tree	bdct		0.404244	0.375891	0.43475	0.0519755	0.0368421	0.0720016	0.484199	0.414217	0.555222	15.0345	12.1891	18.3433	0.230576	0.230576	0.230576
12.tree	tree	real	740	0.39570937702577313			0.05359817731358579			0.5041988175819293			16.97968542562831			0.2305764076971598		
12.tree	tree	bd		0.4447	0.421302	0.469484	0.194249	0.168583	0.2219	0			0.194249			0.230576	0.230576	0.230576
13.tree	tree	bd		0.401991	0.380061	0.425823	0.194861	0.166842	0.225372	0			0.194861			0.103644	0.103644	0.103644
13.tree	tree	real	604	0.3406187728807309			0.06517498256437622			0.468183059303172			26.767465533879733			0.1036440680551156		
13.tree	tree	bdct		0.349221	0.326777	0.373054	0.048659	0.0322762	0.0696388	0.415651	0.344211	0.490407	25.5642	20.1626	31.9183	0.103644	0.103644	0.103644
14.tree	tree	bdct		0.491119	0.454743	0.528294	0.054626	0.0403816	0.0727449	0.540065	0.477303	0.602947	22.5001	18.8177	26.7225	0.510026	0.510026	0.510026
14.tree	tree	bd		0.497594	0.470437	0.525237	0.19582	0.172229	0.221564	0			0.19582			0.510026	0.510026	0.510026
14.tree	tree	real	995	0.4921740592733779			0.05337029731026949			0.5215386278186935			23.3561439928391			0.5100255708623461		
15.tree	tree	bdct		0.295374	0.276401	0.315395	0.0421625	0.0318718	0.0555133	0.36348	0.305976	0.423154	18.688	15.0838	22.8909	0.30742	0.30742	0.30742
15.tree	tree	bd		0.307729	0.292752	0.322983	0.112169	0.0974044	0.12838	0			0.112169			0.30742	0.30742	0.30742
15.tree	tree	real	920	0.29224720138485055			0.04989129209374788			0.4044841089680346			18.568759654176752			0.3074199169651204		
16.tree	tree	bdct		0.892581	0.811607	0.977382	0.10572	0.0770859	0.141956	0.436595	0.364114	0.510872	41.6417	32.529	52.9023	0.696351	0.696351	0.696351
16.tree	tree	real	716	0.9227416432054583			0.09967592620059594			0.4816961586526157			42.85076553574014			0.6963508579565569		
16.tree	tree	bd		0.885509	0.825908	0.947443	0.261775	0.222048	0.305633	0			0.261775			0.696351	0.696351	0.696351
17.tree	tree	real	826	0.10748303662875539			0.08607379912510206			0.4122064901278984			25.25362369930718			0.3049234242428176		
17.tree	tree	bd		0.126834	0.117987	0.13637	0.11456	0.105688	0.124096	0			0.11456			0.304923	0.304923	0.304923
17.tree	tree	bdct		0.107871	0.0978518	0.11836	0.0842833	0.0745235	0.0947728	0.359044	0.296632	0.426019	27.3723	21.6722	34.071	0.304923	0.304923	0.304923
18.tree	tree	bdct		0.559683	0.521492	0.599715	0.12011	0.0903328	0.155392	0.0644087	0.0332112	0.106437	25.8127	11.9884	55.2931	0.279435	0.279435	0.279435
18.tree	tree	bd		0.558996	0.529025	0.589496	0.146831	0.120627	0.176391	0			0.146831			0.279435	0.279435	0.279435
18.tree	tree	real	623	0.5543539864677643			0.13066505710733858			0.0682053614816841			19.851695379540182			0.2794349183011833		
19.tree	tree	bdct		0.312065	0.292623	0.333039	0.0461737	0.0334686	0.0614318	0.571	0.506874	0.63468	19.1036	16.0657	22.5335	0.212778	0.212778	0.212778
19.tree	tree	bd		0.370956	0.352892	0.390022	0.19283	0.172598	0.21476	0			0.19283			0.212778	0.212778	0.212778
19.tree	tree	real	934	0.30565678066648694			0.05421621005875946			0.6257359243472699			19.190614756608298			0.2127776359063259		
20.tree	tree	real	924	0.5174547511973583			0.07655874208925847			0.5562179592769902			7.5308150133989935			0.6805998718367887		
20.tree	tree	bd		0.536643	0.504734	0.570004	0.189929	0.165574	0.216626	0			0.189929			0.6806	0.6806	0.6806
20.tree	tree	bdct		0.525261	0.482767	0.57006	0.0771057	0.0580793	0.0999921	0.473788	0.401609	0.547787	7.80843	6.27878	9.68129	0.6806	0.6806	0.6806
21.tree	tree	real	587	0.5313546200025985			0.07168509223692639			0.2567813857170115			20.555920205450327			0.430859839237855		
21.tree	tree	bd		0.531204	0.497548	0.565518	0.155012	0.127338	0.185524	0			0.155012			0.43086	0.43086	0.43086
21.tree	tree	bdct		0.538638	0.49296	0.587249	0.0728662	0.0509695	0.101474	0.261003	0.196262	0.333171	20.0032	13.8117	28.5282	0.43086	0.43086	0.43086
22.tree	tree	real	964	0.26368069756311313			0.0733726326676354			0.275732438375851			19.369141927795965			0.1144682995865193		
22.tree	tree	bdct		0.260434	0.247766	0.273782	0.0696577	0.0546388	0.0868227	0.253722	0.206149	0.305466	19.1872	14.8667	24.5048	0.114468	0.114468	0.114468
22.tree	tree	bd		0.293469	0.280331	0.306817	0.142276	0.126272	0.159439	0			0.142276			0.114468	0.114468	0.114468
23.tree	tree	bdct		0.112253	0.100954	0.123696	0.0588938	0.0489433	0.0693836	0.410092	0.329195	0.493624	2.43421	1.81402	3.22676	0.673341	0.673341	0.673341
23.tree	tree	real	786	0.11764717284257634			0.0615090735641631			0.4624882157341891			2.22106514426757			0.6733406247261431		
23.tree	tree	bd		0.121152	0.111765	0.130688	0.087971	0.079138	0.0975069	0			0.087971			0.673341	0.673341	0.673341
24.tree	tree	real	987	0.31854546905184267			0.048352280974209405			0.6295373832004876			15.71940439434254			0.2778350576830717		
24.tree	tree	bd		0.353614	0.336396	0.371727	0.172407	0.153659	0.19243	0			0.172407			0.277835	0.277835	0.277835
24.tree	tree	bdct		0.316961	0.296596	0.338888	0.0400164	0.029043	0.0543209	0.57834	0.515649	0.640107	15.385	12.9972	18.0653	0.277835	0.277835	0.277835
25.tree	tree	real	523	1.2496439282096272			0.1458251264476028			0.4813568822988866			10.06479191523083			0.2235649170107676		
25.tree	tree	bd		1.31117	1.23696	1.38832	0.421734	0.346133	0.505622	0			0.421734			0.223565	0.223565	0.223565
25.tree	tree	bdct		1.29558	1.18875	1.41082	0.126132	0.0811629	0.188113	0.366857	0.285891	0.452801	11.7671	8.56559	16.0473	0.223565	0.223565	0.223565
26.tree	tree	bdct		0.160645	0.148797	0.173995	0.0706111	0.0586467	0.0839616	0.394353	0.331195	0.460004	27.0552	21.7291	33.3134	0.307794	0.307794	0.307794
26.tree	tree	bd		0.187781	0.176837	0.199223	0.121846	0.109573	0.134243	0			0.121846			0.307794	0.307794	0.307794
26.tree	tree	real	835	0.1507670534090856			0.07423771502704131			0.4370079846985676			25.842842153305142			0.30779379268733		
27.tree	tree	real	882	0.22638646166640977			0.048813031885847825			0.2963913669373961			10.245874822218134			0.2825714625226751		
27.tree	tree	bdct		0.231846	0.217418	0.247101	0.0414323	0.0313242	0.0528759	0.258198	0.20676	0.314703	11.4773	8.61801	15.0721	0.282571	0.282571	0.282571
27.tree	tree	bd		0.239657	0.227538	0.252052	0.0828207	0.0713147	0.0952175	0			0.0828207			0.282571	0.282571	0.282571
28.tree	tree	real	882	0.4012926655991707			0.07718839655049543			0.5949551239662139			18.400884785798574			0.1828522234143191		
28.tree	tree	bdct		0.416148	0.390201	0.443793	0.0616381	0.0445837	0.0835713	0.573416	0.506779	0.639236	19.3882	16.2306	22.9448	0.182852	0.182852	0.182852
28.tree	tree	bd		0.494899	0.469818	0.520636	0.265393	0.236475	0.295902	0			0.265393			0.182852	0.182852	0.182852
29.tree	tree	bd		0.367121	0.353535	0.381421	0.135455	0.117072	0.155479	0			0.135455			0.068588	0.068588	0.068588
29.tree	tree	bdct		0.343064	0.329034	0.357364	0.0661979	0.0498984	0.0852701	0.176097	0.135512	0.221959	5.30332	3.89878	7.15756	0.068588	0.068588	0.068588
29.tree	tree	real	997	0.33252661353328195			0.06968949914394637			0.2098639681765229			4.295629994521586			0.0685879636474903		
30.tree	tree	bd		0.247903	0.236329	0.260298	0.0954321	0.0814149	0.110689	0			0.0954321			0.151165	0.151165	0.151165
30.tree	tree	bdct		0.23341	0.219792	0.247712	0.0524888	0.0388121	0.0687004	0.192319	0.142737	0.24832	10.0432	7.05948	14.1046	0.151165	0.151165	0.151165
30.tree	tree	real	731	0.24066838010095978			0.06053904040016318			0.186159131079674			10.490163977217152			0.1511653805547074		
31.tree	tree	bd		0.715795	0.671819	0.761539	0.188161	0.160379	0.219626	0			0.188161			0.713816	0.713816	0.713816
31.tree	tree	real	856	0.7673058226354164			0.0868294429319602			0.4004108352506158			37.21140842103513			0.7138162204143779		
31.tree	tree	bdct		0.746825	0.686372	0.810674	0.0731703	0.0540001	0.097964	0.366514	0.304952	0.430853	32.1291	25.4296	40.3168	0.713816	0.713816	0.713816
32.tree	tree	bdct		0.309786	0.283249	0.337434	0.0593213	0.0438297	0.0783936	0.33865	0.271185	0.410985	23.8238	17.975	31.1465	0.49832	0.49832	0.49832
32.tree	tree	bd		0.321479	0.300197	0.343406	0.121285	0.102491	0.14131	0			0.121285			0.49832	0.49832	0.49832
32.tree	tree	real	644	0.30724524063414926			0.06010407013470395			0.343098691078461			23.430040782456246			0.4983201969824886		
33.tree	tree	bdct		0.0726925	0.0659713	0.0803213	0.0518314	0.0454775	0.0585068	0.459475	0.392169	0.528096	6.61131	5.32427	8.13773	0.612167	0.612167	0.612167
33.tree	tree	real	955	0.07326748210598043			0.05302081767046127			0.5228491104970644			6.527855832024048			0.6121672708040572		
33.tree	tree	bd		0.0799562	0.0744046	0.0856778	0.07345	0.0677898	0.0791716	0			0.07345			0.612167	0.612167	0.612167
34.tree	tree	real	980	0.8717211120883953			0.11148838092756438			0.5691302479452334			17.53205820395681			0.4275233211079946		
34.tree	tree	bd		0.895673	0.849367	0.943314	0.358097	0.315552	0.403857	0			0.358097			0.427523	0.427523	0.427523
34.tree	tree	bdct		0.845765	0.786368	0.907702	0.109319	0.0813932	0.143648	0.518977	0.454105	0.584742	19.4296	16.1354	23.2153	0.427523	0.427523	0.427523
35.tree	tree	real	569	1.332791741665446			0.22686937427963716			0.512464186541905			85.82626717149004			0.4824346654680123		
35.tree	tree	bdct		1.33658	1.21202	1.46801	0.207598	0.147072	0.283876	0.481562	0.398794	0.5651	78.9248	60.9063	101.618	0.482435	0.482435	0.482435
35.tree	tree	bd		1.40774	1.3102	1.50869	0.551304	0.467469	0.64376	0			0.551304			0.482435	0.482435	0.482435
36.tree	tree	bd		1.36418	1.29029	1.44037	0.495014	0.433262	0.560785	0			0.495014			0.523057	0.523057	0.523057
36.tree	tree	real	963	1.3132561596273447			0.13349036153580116			0.5874237150461394			36.379405683575634			0.5230566583731104		
36.tree	tree	bdct		1.3402	1.23885	1.44687	0.136197	0.100285	0.181967	0.555758	0.489545	0.6217	34.2505	28.6247	40.7703	0.523057	0.523057	0.523057
37.tree	tree	real	834	0.28454437767179297			0.26171771837593133			0.0296922104328804			6.547534607791053			0.5405113166629414		
37.tree	tree	bd		0.306035	0.284587	0.328916	0.259589	0.237871	0.282471	0			0.259589			0.540511	0.540511	0.540511
37.tree	tree	bdct		0.305729	0.278947	0.334331	0.258796	0.231606	0.287398	0.00362457	1e-06	0.0532487	51.6909	0.001	500000.0	0.540511	0.540511	0.540511
38.tree	tree	real	953	0.4879524293991611			0.0631003268599411			0.1309588717322675			30.48998723425699			0.495559317184135		
38.tree	tree	bd		0.474428	0.449462	0.499212	0.0885353	0.0741741	0.104746	0			0.0885353			0.495559	0.495559	0.495559
38.tree	tree	bdct		0.485194	0.452095	0.51951	0.0610878	0.0470047	0.0782529	0.12062	0.0857533	0.161841	33.5655	22.6039	49.2088	0.495559	0.495559	0.495559
39.tree	tree	bdct		0.256679	0.238702	0.275748	0.0612696	0.0480856	0.0765275	0.468591	0.405441	0.532422	22.2953	18.3233	26.8204	0.440414	0.440414	0.440414
39.tree	tree	real	977	0.250995575220832			0.06619264102071422			0.4935732408835539			20.710468334552193			0.4404144125639775		
39.tree	tree	bd		0.282657	0.267253	0.298864	0.135616	0.120892	0.151826	0			0.135616			0.440414	0.440414	0.440414
40.tree	tree	bdct		0.187313	0.176396	0.198755	0.0493497	0.0365068	0.0646077	0.306266	0.244654	0.372658	22.8764	17.3544	29.8554	0.0965813	0.0965813	0.0965813
40.tree	tree	bd		0.222029	0.209941	0.235377	0.115603	0.100382	0.131813	0			0.115603			0.0965813	0.0965813	0.0965813
40.tree	tree	real	656	0.1913372622183995			0.0526936444043451			0.3220652782513936			23.704123015793495			0.096581336707577		
41.tree	tree	bd		2.04838	1.92842	2.1721	0.579344	0.472599	0.699437	0			0.579344			0.300665	0.300665	0.300665
41.tree	tree	bdct		2.11062	1.93139	2.30381	0.186446	0.123423	0.27226	0.331128	0.261281	0.406246	118.696	89.0658	155.214	0.300665	0.300665	0.300665
41.tree	tree	real	541	2.0166881415153104			0.23530635092032257			0.3732487503572964			103.79367719746783			0.3006646610232228		
42.tree	tree	bd		4.02583	3.78116	4.27849	1.75802	1.5444	1.9865	0			1.75802			0.514354	0.514354	0.514354
42.tree	tree	bdct		3.70306	3.39485	4.02801	0.351727	0.24692	0.488054	0.774734	0.705129	0.83809	138.305	116.408	163.154	0.514354	0.514354	0.514354
42.tree	tree	real	807	3.64108948789048			0.4005096059111268			0.7469219628181906			114.96532192023321			0.5143543823042491		
43.tree	tree	bdct		0.148534	0.139313	0.158069	0.0709832	0.0600483	0.0824265	0.153095	0.113027	0.19941	10.6001	7.34094	15.1346	0.146735	0.146735	0.146735
43.tree	tree	real	920	0.14926004238502025			0.0745028865255858			0.1911101122909372			10.767170245720324			0.1467352291955651		
43.tree	tree	bd		0.161968	0.153794	0.17055	0.0935943	0.0841902	0.104084	0			0.0935943			0.146735	0.146735	0.146735
44.tree	tree	bd		0.270764	0.2597	0.283159	0.115032	0.0998875	0.131243	0			0.115032			0.0892568	0.0892568	0.0892568
44.tree	tree	real	923	0.2489695355365342			0.060024775914737			0.2234013787598401			1.1055875680026175			0.0892568427730131		
44.tree	tree	bdct		0.250238	0.237581	0.262633	0.069638	0.053551	0.0887102	0.159676	0.11352	0.212196	1.75178	1.22432	2.50056	0.0892568	0.0892568	0.0892568
45.tree	tree	bd		0.310443	0.289289	0.33237	0.114265	0.0983374	0.132383	0			0.114265			0.68223	0.68223	0.68223
45.tree	tree	bdct		0.305791	0.279002	0.334392	0.0740789	0.057522	0.093151	0.251071	0.188303	0.320551	9.73074	6.71692	14.0511	0.68223	0.68223	0.68223
45.tree	tree	real	725	0.3046537919900531			0.07015302102861638			0.2485087668618153			8.947232529507678			0.6822303348871469		
46.tree	tree	bd		0.597966	0.569983	0.627512	0.266845	0.22998	0.305936	0			0.266845			0.0994536	0.0994536	0.0994536
46.tree	tree	bdct		0.536099	0.506836	0.5666	0.0801739	0.0566691	0.109735	0.339652	0.279948	0.403494	28.7029	22.632	35.9081	0.0994536	0.0994536	0.0994536
46.tree	tree	real	748	0.5329078931242662			0.08739445802690936			0.3412956121065064			29.979975555222772			0.0994535560961405		
47.tree	tree	real	856	0.5898012892800403			0.059103760612496885			0.3762011278197053			3.0995486223834288			0.5117489459124712		
47.tree	tree	bd		0.561011	0.530385	0.592464	0.145998	0.123909	0.17079	0			0.145998			0.511749	0.511749	0.511749
47.tree	tree	bdct		0.583269	0.538917	0.629972	0.0611772	0.0433121	0.0831104	0.311716	0.245355	0.382292	4.29931	3.24572	5.72608	0.511749	0.511749	0.511749
48.tree	tree	bd		1.4269	1.32107	1.53737	0.443679	0.368459	0.527566	0			0.443679			0.6972	0.6972	0.6972
48.tree	tree	bdct		1.4301	1.28984	1.57771	0.204875	0.145942	0.2802	0.371159	0.294318	0.452221	49.4776	36.5611	65.9511	0.6972	0.6972	0.6972
48.tree	tree	real	581	1.3999579592600275			0.17960700974082633			0.3943575928660735			44.44131985717947			0.6972000454708338		
49.tree	tree	bd		1.07967	1.02437	1.13778	0.439578	0.374477	0.510119	0			0.439578			0.170113	0.170113	0.170113
49.tree	tree	bdct		1.0198	0.94817	1.09697	0.0992492	0.0662436	0.144067	0.442108	0.370438	0.515658	42.0132	33.1885	52.622	0.170113	0.170113	0.170113
49.tree	tree	real	653	0.9782393824544489			0.09887894365314037			0.4572750494795836			43.42576589025753			0.1701131619651019		
50.tree	tree	bdct		1.0549	0.99418	1.12064	0.125884	0.0829548	0.182143	0.234018	0.178256	0.296852	69.9556	50.9448	93.3024	0.0836195	0.0836195	0.0836195
50.tree	tree	bd		1.08779	1.03897	1.14018	0.376231	0.308807	0.451543	0			0.376231			0.0836195	0.0836195	0.0836195
50.tree	tree	real	597	1.058663652198453			0.1457906144405707			0.2895004357649574			70.16697240897787			0.0836194643661902		
51.tree	tree	real	925	0.8538058293187185			0.12124607435444917			0.5381136564529592			28.309602741820033			0.0530947373862951		
51.tree	tree	bd		1.13443	1.07964	1.19254	0.655984	0.585624	0.730322	0			0.655984			0.0530947	0.0530947	0.0530947
51.tree	tree	bdct		0.871953	0.831977	0.914831	0.109438	0.0763985	0.152349	0.477223	0.415706	0.538997	29.1579	24.2285	34.8554	0.0530947	0.0530947	0.0530947
52.tree	tree	bdct		2.66176	2.48962	2.84058	0.430425	0.32223	0.561022	0.218682	0.164866	0.27896	51.7048	36.5225	71.7448	0.27871	0.27871	0.27871
52.tree	tree	bd		2.71278	2.58235	2.84688	0.803015	0.682399	0.935469	0			0.803015			0.27871	0.27871	0.27871
52.tree	tree	real	790	2.711512507259867			0.40161656908300736			0.2792038341899104			55.58622557337747			0.2787100724208954		
53.tree	tree	real	848	0.6972087712430082			0.07649523663125833			0.4465443012474782			31.345232574984113			0.5715230234020564		
53.tree	tree	bdct		0.722184	0.664433	0.782222	0.0722679	0.0527806	0.0970616	0.437889	0.37289	0.504859	32.2167	25.8478	39.6919	0.571523	0.571523	0.571523
53.tree	tree	bd		0.71167	0.670029	0.754555	0.218244	0.187694	0.251615	0			0.218244			0.571523	0.571523	0.571523
54.tree	tree	bd		0.42289	0.396522	0.450535	0.2072	0.177398	0.239618	0			0.2072			0.224401	0.224401	0.224401
54.tree	tree	real	552	0.3771474280944056			0.12144974386446858			0.3838717403330533			37.23337432050579			0.2244006744721486		
54.tree	tree	bdct		0.378925	0.350137	0.408477	0.0955273	0.0689415	0.126996	0.338374	0.267659	0.414616	42.4339	31.6386	55.9575	0.224401	0.224401	0.224401
55.tree	tree	bd		1.532	1.4408	1.62627	0.662129	0.576905	0.754574	0			0.662129			0.417486	0.417486	0.417486
55.tree	tree	real	738	1.4364999294962613			0.36727145483556145			0.3653581774234494			99.84041385989754			0.4174856097719627		
55.tree	tree	bdct		1.43823	1.32806	1.55346	0.335568	0.257807	0.42709	0.342688	0.278434	0.41073	89.5601	68.7692	115.227	0.417486	0.417486	0.417486
56.tree	tree	real	610	0.7285919322792062			0.08837352561200568			0.5586482107187243			32.83671145411003			0.2074940254941459		
56.tree	tree	bd		0.847521	0.79792	0.898976	0.400429	0.344259	0.460486	0			0.400429			0.207494	0.207494	0.207494
56.tree	tree	bdct		0.756539	0.69825	0.819434	0.0793145	0.051782	0.116505	0.552492	0.473719	0.630282	27.6224	22.1366	34.0799	0.207494	0.207494	0.207494
57.tree	tree	real	674	0.11048133794588691			0.06727055840260801			0.231706020543896			19.183028431544617			0.5761072961291452		
57.tree	tree	bd		0.110779	0.102202	0.120314	0.0881432	0.0792927	0.0976791	0			0.0881432			0.576107	0.576107	0.576107
57.tree	tree	bdct		0.104042	0.0935764	0.115484	0.0696616	0.0594696	0.0811049	0.257526	0.19566	0.326408	18.0443	12.7114	25.0578	0.576107	0.576107	0.576107
58.tree	tree	bd		0.388457	0.364998	0.413243	0.154902	0.132659	0.179694	0			0.154902			0.369752	0.369752	0.369752
58.tree	tree	real	650	0.357242008098327			0.08045818613421038			0.4364271337886039			37.59008517613303			0.3697522637160831		
58.tree	tree	bdct		0.365204	0.335328	0.396663	0.0594747	0.0430287	0.0804543	0.419795	0.349283	0.493454	39.7826	31.3911	49.6473	0.369752	0.369752	0.369752
59.tree	tree	bdct		0.439394	0.409426	0.470851	0.0462029	0.0334896	0.0624146	0.0598963	0.0318204	0.0966191	27.5621	13.6966	54.3007	0.254557	0.254557	0.254557
59.tree	tree	bd		0.432065	0.410175	0.454944	0.0594022	0.0466267	0.0746601	0			0.0594022			0.254557	0.254557	0.254557
59.tree	tree	real	676	0.4287836541071982			0.058230006884100974			0.0735669430611848			28.946097777659762			0.2545572595103118		
60.tree	tree	real	769	2.3615540541620654			0.7685494348211198			0.1907510314820188			182.43823302412264			0.3250364899095396		
60.tree	tree	bd		2.37896	2.24717	2.51596	1.08781	0.954078	1.2307	0			1.08781			0.325036	0.325036	0.325036
60.tree	tree	bdct		2.26473	2.10611	2.43029	0.801857	0.65326	0.96671	0.163681	0.117646	0.216768	221.899	146.962	326.176	0.325036	0.325036	0.325036
61.tree	tree	bd		0.47761	0.450615	0.505253	0.0821574	0.0694765	0.0964613	0			0.0821574			0.656597	0.656597	0.656597
61.tree	tree	bdct		0.484038	0.449131	0.52026	0.0680971	0.0539438	0.0852621	0.0715626	0.0436088	0.106016	28.1658	16.1643	47.2345	0.656597	0.656597	0.656597
61.tree	tree	real	978	0.48704374127942274			0.06639193650532192			0.0718451971649151			31.88787081011138			0.6565971444266583		
62.tree	tree	bdct		0.409079	0.378792	0.440537	0.0589465	0.0444598	0.0761116	0.129078	0.0897498	0.175856	32.2466	21.1346	48.3668	0.440928	0.440928	0.440928
62.tree	tree	bd		0.403719	0.380909	0.426598	0.0851963	0.0707251	0.101407	0			0.0851963			0.440928	0.440928	0.440928
62.tree	tree	real	761	0.4087432810853264			0.05865642107010617			0.1456502813297867			28.819420684445966			0.4409283653860822		
63.tree	tree	bdct		0.329773	0.30473	0.356467	0.0812237	0.0617945	0.10411	0.662665	0.592128	0.729869	32.0951	27.0373	37.8596	0.370605	0.370605	0.370605
63.tree	tree	real	831	0.30692880423129465			0.10099123145603933			0.7376420176673969			32.3829289733778			0.3706048326262807		
63.tree	tree	bd		0.400705	0.376505	0.425491	0.240283	0.215046	0.266979	0			0.240283			0.370605	0.370605	0.370605
64.tree	tree	bd		0.60995	0.587947	0.632824	0.171104	0.141867	0.203523	0			0.171104			0.082742	0.082742	0.082742
64.tree	tree	bdct		0.599879	0.572391	0.629425	0.0931564	0.0657974	0.128439	0.134064	0.0890275	0.186494	2.47573	1.65767	3.75443	0.082742	0.082742	0.082742
64.tree	tree	real	803	0.595468499169174			0.09238470039686883			0.209497381778607			1.4030032834511357			0.0827419531309609		
65.tree	tree	real	828	0.42376134876719157			0.1855863582910639			0.5990043718983201			15.379258967905058			0.3175562428688411		
65.tree	tree	bdct		0.440573	0.40709	0.475843	0.157041	0.124736	0.193275	0.529072	0.457255	0.600815	13.9042	11.3211	16.8956	0.317556	0.317556	0.317556
65.tree	tree	bd		0.539818	0.507721	0.573179	0.346148	0.312442	0.382375	0			0.346148			0.317556	0.317556	0.317556
66.tree	tree	bdct		0.427151	0.398851	0.456702	0.0494171	0.0342868	0.0694433	0.268628	0.208292	0.334337	3.41109	2.5261	4.54264	0.207381	0.207381	0.207381
66.tree	tree	real	740	0.4217452942428173			0.052627016444508054			0.3182024471916543			3.0464960662530896			0.2073807082750139		
66.tree	tree	bd		0.426903	0.406939	0.447875	0.130767	0.109477	0.153652	0			0.130767			0.207381	0.207381	0.207381
67.tree	tree	bd		0.127133	0.118264	0.136669	0.121797	0.11236	0.131333	0			0.121797			0.284081	0.284081	0.284081
67.tree	tree	bdct		0.0988408	0.0896683	0.108377	0.0784274	0.0693538	0.0879634	0.595563	0.520536	0.669815	40.1384	33.2349	48.054	0.284081	0.284081	0.284081
67.tree	tree	real	794	0.10382885723836882			0.0799835371418236			0.7156021893777048			38.32863705926071			0.2840806187110775		
68.tree	tree	bd		2.14058	2.02723	2.26048	1.31781	1.17828	1.46448	0			1.31781			0.0727416	0.0727416	0.0727416
68.tree	tree	bdct		1.59343	1.50479	1.6896	0.168917	0.111851	0.246151	0.611027	0.543003	0.677122	79.9906	67.0186	94.5066	0.0727416	0.0727416	0.0727416
68.tree	tree	real	808	1.5039684948739591			0.25412681303353113			0.6575577452800616			81.29265853588169			0.0727415811962471		
69.tree	tree	bd		0.364406	0.340274	0.390146	0.17417	0.148465	0.202775	0			0.17417			0.278686	0.278686	0.278686
69.tree	tree	real	520	0.3167004933495762			0.07594862275029349			0.457188724327581			20.70193028714357			0.2786857392146322		
69.tree	tree	bdct		0.32483	0.297001	0.353431	0.0689955	0.0488093	0.0947429	0.435893	0.354164	0.52073	19.0799	14.5157	24.6219	0.278686	0.278686	0.278686
70.tree	tree	bdct		1.41545	1.29804	1.5402	0.167294	0.115327	0.234994	0.503681	0.423998	0.584139	25.9743	20.4464	32.5286	0.357433	0.357433	0.357433
70.tree	tree	bd		1.483	1.39472	1.57442	0.590181	0.505026	0.682632	0			0.590181			0.357433	0.357433	0.357433
70.tree	tree	real	655	1.4283795787379712			0.16211920505315233			0.5692943119906133			25.38923815428693			0.3574334938094977		
71.tree	tree	bd		0.648844	0.618476	0.680295	0.243371	0.207394	0.282462	0			0.243371			0.159403	0.159403	0.159403
71.tree	tree	real	730	0.6181857282456357			0.1106796870421193			0.3190844535208286			6.761120356357913			0.1594034399072998		
71.tree	tree	bdct		0.618271	0.580898	0.657348	0.0908109	0.0641483	0.12514	0.292457	0.230767	0.35948	7.50008	5.61799	9.96618	0.159403	0.159403	0.159403
72.tree	tree	bdct		0.595213	0.554593	0.639056	0.0729551	0.0476584	0.107285	0.375153	0.304079	0.450207	29.5415	22.7667	37.6342	0.132051	0.132051	0.132051
72.tree	tree	bd		0.646299	0.611639	0.683468	0.278577	0.234664	0.326248	0			0.278577			0.132051	0.132051	0.132051
72.tree	tree	real	565	0.5832638005584762			0.07123909762210541			0.3733710057931276			30.092153422683793			0.1320512242623598		
73.tree	tree	bd		1.10988	1.05574	1.16799	0.443011	0.369631	0.523085	0			0.443011			0.0837443	0.0837443	0.0837443
73.tree	tree	bdct		1.0313	0.9664	1.10275	0.10204	0.0649393	0.153533	0.350868	0.280283	0.42567	9.97496	7.57035	12.9691	0.0837443	0.0837443	0.0837443
73.tree	tree	real	589	1.0020375242076731			0.12097448826360307			0.3817664174707129			8.82260397656442			0.083744262606423		
74.tree	tree	bdct		0.990458	0.925718	1.0581	0.129321	0.0977418	0.168416	0.235302	0.185668	0.290563	44.7127	32.9692	59.5567	0.343318	0.343318	0.343318
74.tree	tree	bd		0.978646	0.930909	1.02724	0.262113	0.223354	0.305017	0			0.262113			0.343318	0.343318	0.343318
74.tree	tree	real	877	0.996539763099134			0.15719750962524695			0.2461407180289185			37.82183094953089			0.3433175355863412		
75.tree	tree	real	794	1.04208110590826			0.1239061183481432			0.3329995276135812			48.16069416352802			0.2414448760753013		
75.tree	tree	bdct		1.00816	0.942266	1.07676	0.140634	0.102999	0.187358	0.32831	0.269958	0.390625	49.0384	38.4978	61.6193	0.241445	0.241445	0.241445
75.tree	tree	bd		1.04616	0.996143	1.0976	0.370176	0.31754	0.427376	0			0.370176			0.241445	0.241445	0.241445
76.tree	tree	bd		0.456935	0.426658	0.488392	0.0717957	0.0585215	0.088007	0			0.0717957			0.715341	0.715341	0.715341
76.tree	tree	real	698	0.4661330700972083			0.04965533837857729			0.1717132784060559			1.297355766911062			0.7153405552445368		
76.tree	tree	bdct		0.461823	0.422221	0.502812	0.0600393	0.0434345	0.0800653	0.0677275	0.01852	0.13783	3.23174	1.38053	9.88506	0.715341	0.715341	0.715341
77.tree	tree	bdct		1.0858	1.01483	1.16201	0.131408	0.0855615	0.193389	0.64397	0.566618	0.71768	56.566	46.7101	67.9204	0.101274	0.101274	0.101274
77.tree	tree	bd		1.4388	1.35455	1.52832	0.874324	0.771129	0.982948	0			0.874324			0.101274	0.101274	0.101274
77.tree	tree	real	650	1.0636691055518055			0.16412063914493588			0.6502660906987489			55.30973614767459			0.1012735796166201		
78.tree	tree	real	553	0.7855379269672464			0.10747934927929255			0.2163789543604817			30.48070341341174			0.2443079047009035		
78.tree	tree	bdct		0.796783	0.737721	0.858723	0.110169	0.0769067	0.15308	0.168873	0.1161	0.230558	25.9956	16.9775	39.4115	0.244308	0.244308	0.244308
78.tree	tree	bd		0.796381	0.752884	0.841168	0.19552	0.156768	0.23938	0			0.19552			0.244308	0.244308	0.244308
79.tree	tree	bd		0.162697	0.153223	0.173186	0.0955109	0.0851738	0.106954	0			0.0955109			0.294347	0.294347	0.294347
79.tree	tree	real	803	0.1376347119569606			0.04917835588056689			0.5299650146810755			12.466181836933837			0.2943466883608124		
79.tree	tree	bdct		0.138042	0.127871	0.148531	0.0426588	0.0335459	0.0531488	0.476974	0.408037	0.54695	12.4782	10.09	15.3214	0.294347	0.294347	0.294347
80.tree	tree	real	588	0.5782478751937562			0.06674179720769852			0.5316571347632854			26.644140178465033			0.5786808660726249		
80.tree	tree	bdct		0.604307	0.546568	0.665305	0.0584548	0.0396024	0.0832488	0.475415	0.395561	0.556869	28.9406	22.2771	37.1851	0.578681	0.578681	0.578681
80.tree	tree	bd		0.594093	0.552391	0.636982	0.187297	0.156005	0.221623	0			0.187297			0.578681	0.578681	0.578681
81.tree	tree	real	844	0.4580771157256115			0.05309240419088103			0.408926221300976			23.013064344234298			0.152544675674823		
81.tree	tree	bdct		0.485315	0.455045	0.517724	0.042371	0.0294425	0.0595364	0.415996	0.354246	0.479301	21.8683	17.7968	26.5908	0.152545	0.152545	0.152545
81.tree	tree	bd		0.506038	0.483351	0.529868	0.202406	0.17487	0.231964	0			0.202406			0.152545	0.152545	0.152545
82.tree	tree	bdct		0.372226	0.344674	0.401779	0.237933	0.203688	0.274164	0.267876	0.213987	0.327218	69.2707	53.2058	88.7289	0.0530822	0.0530822	0.0530822
82.tree	tree	real	763	0.3881368150404982			0.2749217086603313			0.3015959236317809			75.43555548088844			0.0530821556691367		
82.tree	tree	bd		0.470181	0.441773	0.499731	0.362382	0.329914	0.395748	0			0.362382			0.0530822	0.0530822	0.0530822
83.tree	tree	bdct		0.376071	0.348966	0.40467	0.106134	0.0855998	0.12902	0.437911	0.373764	0.50378	14.9709	12.0526	18.5704	0.444349	0.444349	0.444349
83.tree	tree	real	991	0.37647630843792446			0.11981684956613042			0.4701314640571847			13.1957685818864			0.4443485939213575		
83.tree	tree	bd		0.420269	0.39734	0.444101	0.212144	0.189875	0.235028	0			0.212144			0.444349	0.444349	0.444349
84.tree	tree	real	540	1.4006997270383745			0.2508116792826564			0.0334737794524667			22.45686475840686			0.6999375709907248		
84.tree	tree	bd		1.32872	1.22824	1.43254	0.27586	0.222177	0.338786	0			0.27586			0.699938	0.699938	0.699938
84.tree	tree	bdct		1.33163	1.20558	1.46401	0.262627	0.196199	0.342715	0.0198669	1e-06	0.0705965	57.2568	4.59642	1119.05	0.699938	0.699938	0.699938
85.tree	tree	bdct		1.14031	1.07634	1.20795	0.151037	0.105322	0.209202	0.366838	0.304505	0.432381	35.1878	28.0029	43.7805	0.110193	0.110193	0.110193
85.tree	tree	bd		1.26002	1.20223	1.32097	0.554412	0.479291	0.635429	0			0.554412			0.110193	0.110193	0.110193
85.tree	tree	real	763	1.1567378815116025			0.14270809359280323			0.3830313245093532			34.316629037333186			0.1101925949331373		
86.tree	tree	real	828	0.4890271453069143			0.05395477026615996			0.3380713311142275			26.394069609201026			0.3859724658902221		
86.tree	tree	bdct		0.486272	0.451203	0.523447	0.05271	0.0381666	0.0708289	0.313784	0.256789	0.374766	32.0807	24.9046	40.7842	0.385972	0.385972	0.385972
86.tree	tree	bd		0.476135	0.451079	0.501872	0.137392	0.117146	0.160277	0			0.137392			0.385972	0.385972	0.385972
87.tree	tree	bdct		0.154944	0.138106	0.173061	0.0802536	0.0666319	0.0955111	0.649576	0.565842	0.728969	29.2775	23.6533	35.924	0.717342	0.717342	0.717342
87.tree	tree	bd		0.171768	0.157092	0.187024	0.13918	0.125146	0.154437	0			0.13918			0.717342	0.717342	0.717342
87.tree	tree	real	648	0.14942967523391182			0.08742978054497214			0.7185750448349306			30.356934151355688			0.7173423995530497		
88.tree	tree	real	900	0.3075271925913398			0.05107171617920368			0.3364175122811143			4.182991650589491			0.0755151340695386		
88.tree	tree	bd		0.35007	0.335752	0.365323	0.15025	0.130428	0.172181	0			0.15025			0.0755151	0.0755151	0.0755151
88.tree	tree	bdct		0.315373	0.300636	0.330627	0.0454743	0.032271	0.061686	0.294916	0.241923	0.352066	4.10877	3.22524	5.16115	0.0755151	0.0755151	0.0755151
89.tree	tree	real	797	4.099455438796604			0.47543451406886383			0.7326352847846364			25.80860394027876			0.1886670400168977		
89.tree	tree	bdct		4.2847	3.98507	4.60471	0.400318	0.269292	0.577631	0.6181	0.543252	0.691198	31.3149	26.058	37.4566	0.188667	0.188667	0.188667
89.tree	tree	bd		4.96772	4.71672	5.22963	2.39869	2.11478	2.70028	0			2.39869			0.188667	0.188667	0.188667
90.tree	tree	bd		0.398863	0.382545	0.416976	0.141739	0.118099	0.167484	0			0.141739			0.0726255	0.0726255	0.0726255
90.tree	tree	real	706	0.37464002721159423			0.05198083162846341			0.259659792656334			12.626585299123859			0.0726255250125408		
90.tree	tree	bdct		0.378343	0.358444	0.399316	0.0468318	0.0317933	0.0659044	0.24308	0.188957	0.302214	12.629	9.44427	16.6681	0.0726255	0.0726255	0.0726255
91.tree	tree	bd		1.23456	1.17914	1.29266	0.137584	0.10984	0.170958	0			0.137584			0.221874	0.221874	0.221874
91.tree	tree	bdct		1.2508	1.17757	1.32891	0.11563	0.084286	0.154726	0.0365181	0.0142655	0.0675678	24.6963	9.54209	84.4619	0.221874	0.221874	0.221874
91.tree	tree	real	835	1.2340043504820564			0.12862019652424794			0.0450734626938322			26.214365358457776			0.2218744316672397		
92.tree	tree	bdct		0.834203	0.765854	0.906622	0.119472	0.0861516	0.161428	0.175451	0.122679	0.237454	33.8764	22.3568	50.2666	0.41428	0.41428	0.41428
92.tree	tree	real	593	0.823147534241661			0.11964614848886573			0.2143479485094431			29.14885233779433			0.4142798349940201		
92.tree	tree	bd		0.822726	0.772171	0.875135	0.198707	0.162409	0.239707	0			0.198707			0.41428	0.41428	0.41428
93.tree	tree	bdct		0.788294	0.738319	0.841657	0.0795771	0.0550218	0.111999	0.459088	0.391839	0.52723	17.0958	13.7293	21.1004	0.152866	0.152866	0.152866
93.tree	tree	bd		0.854085	0.814097	0.896011	0.375839	0.326788	0.428271	0			0.375839			0.152866	0.152866	0.152866
93.tree	tree	real	800	0.7489873855609398			0.09648202589014125			0.5142155646563724			16.026028597986574			0.1528655848320225		
94.tree	tree	bd		0.258406	0.242318	0.275567	0.141857	0.121499	0.163788	0			0.141857			0.0805306	0.0805306	0.0805306
94.tree	tree	real	522	0.2082717257476565			0.05476574729047161			0.4691988004421403			8.13849983919244			0.0805306357084986		
94.tree	tree	bdct		0.207378	0.193673	0.22168	0.0347515	0.0226221	0.0509634	0.445262	0.365254	0.528148	8.56647	6.55737	10.9609	0.0805306	0.0805306	0.0805306
95.tree	tree	bd		0.132757	0.125037	0.141339	0.0615221	0.0530111	0.0701046	0			0.0615221			0.305364	0.305364	0.305364
95.tree	tree	real	735	0.12705987133325497			0.052771379675119766			0.1651990472390415			26.33350261519736			0.3053642312785768		
95.tree	tree	bdct		0.126682	0.117845	0.136218	0.0453282	0.036324	0.0548645	0.155272	0.112815	0.205593	29.1726	20.32	40.6105	0.305364	0.305364	0.305364
96.tree	tree	bdct		0.277626	0.248991	0.308135	0.0497036	0.0329618	0.071637	0.725394	0.637554	0.805309	26.0023	20.908	31.9839	0.538065	0.538065	0.538065
96.tree	tree	bd		0.315571	0.289766	0.342265	0.17825	0.153325	0.204949	0			0.17825			0.538065	0.538065	0.538065
96.tree	tree	real	509	0.27452592778141727			0.061828875121986475			0.7334552678604186			28.80677005581556			0.5380647800979109		
97.tree	tree	real	633	0.561524524446724			0.1994022587804973			0.0549322798040762			20.02662584062182			0.4071008958093083		
97.tree	tree	bd		0.56663	0.531278	0.603802	0.22452	0.191341	0.259798	0			0.22452			0.407101	0.407101	0.407101
97.tree	tree	bdct		0.561279	0.51696	0.607983	0.202801	0.163387	0.247615	0.0547959	0.0222614	0.100025	20.0281	8.34116	53.2937	0.407101	0.407101	0.407101
98.tree	tree	real	687	0.7764658979457395			0.07983580987443335			0.2296321742980763			3.990290519404211			0.6689819781877246		
98.tree	tree	bd		0.752166	0.703017	0.803626	0.115427	0.0930783	0.141174	0			0.115427			0.668982	0.668982	0.668982
98.tree	tree	bdct		0.788529	0.720081	0.860951	0.0703991	0.0492541	0.0980537	0.152961	0.0961983	0.22079	6.70508	4.07157	11.2024	0.668982	0.668982	0.668982
99.tree	tree	bdct		0.348736	0.316136	0.383056	0.0648437	0.0458901	0.0877304	0.432061	0.349362	0.517474	10.5948	7.86099	14.0313	0.542628	0.542628	0.542628
99.tree	tree	bd		0.363509	0.337313	0.391156	0.150262	0.127523	0.175054	0			0.150262			0.542628	0.542628	0.542628
99.tree	tree	real	575	0.3473211826933771			0.06701341731807574			0.4530165408673565			10.06728048559824			0.5426283162273703		
